 213 217 217 218 217 218 214 214 206 209 147  94  75  71  64  57
 216 218 219 220 220 221 219 219 219 215 181  91  70  61  63  62
 217 220 220 219 219 220 221 221 221 218 185  92  68  63  64  64
 216 220 220 219 220 221 221 221 221 215 201 101  71  60  62  63
 218 218 220 219 220 220 220 220 221 222 209 100  76  51  56  56
 218 218 220 220 220 221 220 220 221 220 179 112  86  67  67  61
 216 217 221 220 220 221 222 218 218 219 167 127  82  64  70  65
 215 219 220 220 220 220 222 219 219 220 196 129  85  63  66  67
 216 220 221 221 220 220 221 219 218 217 222 131  87  65  65  66
 217 220 222 221 220 220 219 219 218 214 217 140  73  67  60  61
 216 220 221 222 221 219 219 219 218 215 217 147  85  70  66  64
 217 220 221 221 221 218 218 219 219 217 212 155  85  66  67  65
 217 218 219 221 219 220 219 219 219 217 208 146  88  63  67  68
 216 219 218 219 220 220 219 219 218 218 214 131  90  61  65  67
 213 215 215 217 218 217 217 217 217 217 217 127  86  67  68  64
 218 219 218 216 216 217 216 216 216 214 212 125  84  69  63  64
 220 222 221 223 221 222 225 226 216 222 150  80  70  67  68  66
 220 221 219 219 219 220 220 219 219 217 166  67  68  65  64  65
 220 220 219 219 220 220 218 219 219 219 171  70  66  64  65  63
 219 219 219 220 219 219 219 219 219 219 187  73  66  63  64  63
 220 220 220 220 219 219 219 220 221 222 195  69  67  62  64  64
 219 220 221 220 219 220 220 221 221 220 156  81  76  68  66  65
 219 220 221 220 219 220 221 220 219 221 149 100  71  65  67  65
 220 220 221 219 219 220 222 220 220 221 183 101  68  62  62  63
 218 220 219 219 220 221 222 220 220 220 219 103  69  63  62  62
 219 219 219 219 220 221 220 220 221 219 220 114  68  67  66  67
 219 219 219 219 219 220 220 220 221 219 222 137  77  72  70  66
 220 219 219 218 218 220 220 221 221 220 212 132  67  68  69  66
 219 219 219 218 218 219 220 220 221 220 207 122  68  66  67  66
 219 220 220 218 219 219 220 220 220 220 215 107  71  65  63  63
 219 219 219 218 219 218 219 220 219 219 217 103  73  64  64  65
 222 219 216 215 218 218 219 220 220 218 224 110  68  65  65  62
 200 204 206 205 200 200 190 191 185 198 105  46  49  47  48  49
 209 210 213 214 210 211 211 212 212 209 141  46  50  54  53  51
 209 213 215 212 211 214 213 213 212 208 147  49  50  51  54  52
 209 214 214 212 212 213 213 212 211 207 163  49  49  49  52  51
 210 212 213 212 211 213 211 210 211 209 173  43  49  48  47  48
 212 213 212 212 212 213 213 211 210 207 123  54  62  63  59  52
 211 213 211 213 215 213 211 214 213 206 111  60  52  60  57  54
 210 211 212 214 215 213 211 211 211 207 149  65  47  55  51  53
 211 213 213 213 213 211 211 210 210 206 192  73  51  53  50  51
 210 214 214 213 213 212 210 210 210 204 200  85  55  55  51  51
 209 213 214 214 214 212 211 210 210 208 204 102  64  61  57  54
 210 212 214 214 213 213 211 210 208 208 192  99  56  55  57  54
 213 214 214 213 214 214 214 210 210 209 180  86  56  54  58  56
 210 211 211 213 213 214 213 210 210 210 190  73  52  55  57  55
 210 211 213 213 212 213 211 210 210 210 196  77  50  52  54  49
 215 210 209 209 211 214 210 209 211 212 210  90  50  48  53  52

  57  62  64  63  56  61  65  67  66  61  64  65  68  67  64  64
  64  63  64  62  56  67  70  66  65  60  66  67  67  65  68  63
  71  61  63  60  51  67  64  63  65  67  70  66  63  61  67  69
  75  70  68  71  76  86  82  85  87  73  85  85  88  90  86  84
  94  91  92 101 100 112 127 129 131 140 147 155 146 131 127 125
 147 181 185 201 209 179 167 196 222 217 217 212 208 214 217 212
 209 215 218 215 222 220 219 220 217 214 215 217 217 218 217 214
 206 219 221 221 221 221 218 219 218 218 218 219 219 218 217 216
 214 219 221 221 220 220 218 219 219 219 219 219 219 219 217 216
 214 219 221 221 220 220 222 222 221 219 219 218 219 219 217 216
 218 221 220 221 220 221 221 220 220 220 219 218 220 220 217 217
 217 220 219 220 220 220 220 220 220 220 221 221 219 220 218 216
 218 220 219 219 219 220 220 220 221 221 222 221 221 219 217 216
 217 219 220 220 220 220 221 220 221 222 221 221 219 218 215 218
 217 218 220 220 218 218 217 219 220 220 220 220 218 219 215 219
 213 216 217 216 218 218 216 215 216 217 216 217 217 216 213 218
  66  65  63  63  64  65  65  63  62  67  66  66  66  63  65  62
  68  64  65  64  64  66  67  62  62  66  70  69  67  63  64  65
  67  65  64  63  62  68  65  62  63  67  72  68  66  65  64  65
  70  68  66  66  67  76  71  68  69  68  77  67  68  71  73  68
  80  67  70  73  69  81 100 101 103 114 137 132 122 107 103 110
 150 166 171 187 195 156 149 183 219 220 222 212 207 215 217 224
 222 217 219 219 222 220 221 221 220 219 219 220 220 220 219 218
 216 219 219 219 221 221 219 220 220 221 221 221 221 220 219 220
 226 219 219 219 220 221 220 220 220 220 220 221 220 220 220 220
 225 220 218 219 219 220 221 222 222 220 220 220 220 220 219 219
 222 220 220 219 219 220 220 220 221 221 220 220 219 219 218 218
 221 219 220 219 219 219 219 219 220 220 219 218 218 219 219 218
 223 219 219 220 220 220 220 219 219 219 219 218 218 218 218 215
 221 219 219 219 220 221 221 221 219 219 219 219 219 220 219 216
 222 221 220 219 220 220 220 220 220 219 219 219 219 220 219 219
 220 220 220 219 220 219 219 220 218 219 219 220 219 219 219 222
  49  51  52  51  48  52  54  53  51  51  54  54  56  55  49  52
  48  53  54  52  47  59  57  51  50  51  57  57  58  57  54  53
  47  54  51  49  48  63  60  55  53  55  61  55  54  55  52  48
  49  50  50  49  49  62  52  47  51  55  64  56  56  52  50  50
  46  46  49  49  43  54  60  65  73  85 102  99  86  73  77  90
 105 141 147 163 173 123 111 149 192 200 204 192 180 190 196 210
 198 209 208 207 209 207 206 207 206 204 208 208 209 210 210 212
 185 212 212 211 211 210 213 211 210 210 210 208 210 210 210 211
 191 212 213 212 210 211 214 211 210 210 210 210 210 210 210 209
 190 211 213 213 211 213 211 211 211 210 211 211 214 213 211 210
 200 211 214 213 213 213 213 213 211 212 212 213 214 214 213 214
 200 210 211 212 211 212 215 215 213 213 214 213 214 213 212 211
 205 214 212 212 212 212 213 214 213 213 214 214 213 213 213 209
 206 213 215 214 213 212 211 212 213 214 214 214 214 211 213 209
 204 210 213 214 212 213 213 211 213 214 213 212 214 211 211 210
 200 209 209 209 210 212 211 210 211 210 209 210 213 210 210 215

  64  63  69  84 125 212 214 216 216 216 217 216 216 218 219 218
  64  68  67  86 127 217 217 217 217 217 217 218 217 215 215 213
  67  65  61  90 131 214 218 218 219 219 220 220 219 218 219 216
  68  67  63  88 146 208 217 219 219 219 220 219 221 219 218 217
  65  67  66  85 155 212 217 219 219 218 218 221 221 221 220 217
  64  66  70  85 147 217 215 218 219 219 219 221 222 221 220 216
  61  60  67  73 140 217 214 218 219 219 220 220 221 222 220 217
  66  65  65  87 131 222 217 218 219 221 220 220 221 221 220 216
  67  66  63  85 129 196 220 219 219 222 220 220 220 220 219 215
  65  70  64  82 127 167 219 218 218 222 221 220 220 221 217 216
  61  67  67  86 112 179 220 221 220 220 221 220 220 220 218 218
  56  56  51  76 100 209 222 221 220 220 220 220 219 220 218 218
  63  62  60  71 101 201 215 221 221 221 221 220 219 220 220 216
  64  64  63  68  92 185 218 221 221 221 220 219 219 220 220 217
  62  63  61  70  91 181 215 219 219 219 221 220 220 219 218 216
  57  64  71  75  94 147 209 206 214 214 218 217 218 217 217 213
  62  65  65  68 110 224 218 220 220 219 218 218 215 216 219 222
  65  64  64  73 103 217 219 219 220 219 218 219 218 219 219 219
  63  63  65  71 107 215 220 220 220 220 219 219 218 220 220 219
  66  67  66  68 122 207 220 221 220 220 219 218 218 219 219 219
  66  69  68  67 132 212 220 221 221 220 220 218 218 219 219 220
  66  70  72  77 137 222 219 221 220 220 220 219 219 219 219 219
  67  66  67  68 114 220 219 221 220 220 221 220 219 219 219 219
  62  62  63  69 103 219 220 220 220 222 221 220 219 219 220 218
  63  62  62  68 101 183 221 220 220 222 220 219 219 221 220 220
  65  67  65  71 100 149 221 219 220 221 220 219 220 221 220 219
  65  66  68  76  81 156 220 221 221 220 220 219 220 221 220 219
  64  64  62  67  69 195 222 221 220 219 219 219 220 220 220 220
  63  64  63  66  73 187 219 219 219 219 219 219 220 219 219 219
  63  65  64  66  70 171 219 219 219 218 220 220 219 219 220 220
  65  64  65  68  67 166 217 219 219 220 220 219 219 219 221 220
  66  68  67  70  80 150 222 216 226 225 222 221 223 221 222 220
  52  53  48  50  90 210 212 211 209 210 214 211 209 209 210 215
  49  54  52  50  77 196 210 210 210 211 213 212 213 213 211 210
  55  57  55  52  73 190 210 210 210 213 214 213 213 211 211 210
  56  58  54  56  86 180 209 210 210 214 214 214 213 214 214 213
  54  57  55  56  99 192 208 208 210 211 213 213 214 214 212 210
  54  57  61  64 102 204 208 210 210 211 212 214 214 214 213 209
  51  51  55  55  85 200 204 210 210 210 212 213 213 214 214 210
  51  50  53  51  73 192 206 210 210 211 211 213 213 213 213 211
  53  51  55  47  65 149 207 211 211 211 213 215 214 212 211 210
  54  57  60  52  60 111 206 213 214 211 213 215 213 211 213 211
  52  59  63  62  54 123 207 210 211 213 213 212 212 212 213 212
  48  47  48  49  43 173 209 211 210 211 213 211 212 213 212 210
  51  52  49  49  49 163 207 211 212 213 213 212 212 214 214 209
  52  54  51  50  49 147 208 212 213 213 214 211 212 215 213 209
  51  53  54  50  46 141 209 212 212 211 211 210 214 213 210 209
  49  48  47  49  46 105 198 185 191 190 200 200 205 206 204 200

 218 213 216 217 217 216 217 216 215 216 218 218 216 217 216 213
 219 215 219 218 220 220 220 220 219 217 218 218 220 220 218 217
 218 215 218 219 221 221 222 221 220 221 220 220 220 220 219 217
 216 217 219 221 221 222 221 221 220 220 220 219 219 219 220 218
 216 218 220 219 221 221 220 220 220 220 220 220 220 219 220 217
 217 217 220 220 218 219 220 220 220 221 221 220 221 220 221 218
 216 217 219 219 218 219 219 221 222 222 220 220 221 221 219 214
 216 217 219 219 219 219 219 219 219 218 220 220 221 221 219 214
 216 217 218 219 219 218 218 218 219 218 221 221 221 221 219 206
 214 217 218 217 217 215 214 217 220 219 220 222 215 218 215 209
 212 217 214 208 212 217 217 222 196 167 179 209 201 185 181 147
 125 127 131 146 155 147 140 131 129 127 112 100 101  92  91  94
  84  86  90  88  85  85  73  87  85  82  86  76  71  68  70  75
  69  67  61  63  66  70  67  65  63  64  67  51  60  63  61  71
  63  68  65  67  67  66  60  65  66  70  67  56  62  64  63  64
  64  64  67  68  65  64  61  66  67  65  61  56  63  64  62  57
 222 219 219 219 220 219 219 218 220 219 219 220 219 220 220 220
 219 219 220 219 219 219 219 220 220 220 220 220 219 220 221 222
 216 219 220 219 219 219 219 219 221 221 221 220 219 219 219 221
 215 218 218 218 218 219 219 219 219 220 220 220 220 219 219 223
 218 219 219 218 218 219 220 220 219 219 219 219 219 220 219 221
 218 218 219 219 220 220 221 221 220 220 220 219 219 220 220 222
 219 219 220 220 220 220 220 222 222 221 220 219 219 218 220 225
 220 220 220 220 221 220 220 220 220 220 221 220 219 219 219 226
 220 219 220 221 221 221 221 220 220 219 221 221 219 219 219 216
 218 219 220 220 220 219 219 220 221 221 220 222 219 219 217 222
 224 217 215 207 212 222 220 219 183 149 156 195 187 171 166 150
 110 103 107 122 132 137 114 103 101 100  81  69  73  70  67  80
  68  73  71  68  67  77  68  69  68  71  76  67  66  66  68  70
  65  64  65  66  68  72  67  63  62  65  68  62  63  64  65  67
  65  64  63  67  69  70  66  62  62  67  66  64  64  65  64  68
  62  65  63  66  66  66  67  62  63  65  65  64  63  63  65  66
 215 210 210 213 210 209 210 211 210 211 212 210 209 209 209 200
 210 211 211 214 212 213 214 213 211 213 213 212 214 213 210 204
 209 213 211 214 214 214 214 213 212 211 212 213 214 215 213 206
 209 213 213 213 214 214 213 213 214 213 212 212 212 212 214 205
 211 212 213 214 213 214 213 213 215 215 212 211 212 211 210 200
 214 213 214 214 213 212 212 211 213 213 213 213 213 214 211 200
 210 211 213 214 211 211 210 211 211 211 213 211 213 213 211 190
 209 210 210 210 210 210 210 210 211 214 211 210 212 213 212 191
 211 210 210 210 208 210 210 210 211 213 210 211 211 212 212 185
 212 210 210 209 208 208 204 206 207 206 207 209 207 208 209 198
 210 196 190 180 192 204 200 192 149 111 123 173 163 147 141 105
  90  77  73  86  99 102  85  73  65  60  54  43  49  49  46  46
  50  50  52  56  56  64  55  51  47  52  62  49  49  50  50  49
  48  52  55  54  55  61  55  53  55  60  63  48  49  51  54  47
  53  54  57  58  57  57  51  50  51  57  59  47  52  54  53  48
  52  49  55  56  54  54  51  51  53  54  52  48  51  52  51  49

