 161 165 165 165 165 166 166 166 166 169 137  36  30  32  34  35
 162 166 166 167 167 166 167 167 167 169 139  38  36  35  36  37
 164 166 168 168 170 167 166 168 170 171 137  38  37  35  32  33
 163 166 167 167 169 168 168 168 169 170 137  38  37  36  33  33
 163 166 165 165 167 165 166 168 166 168 141  35  33  32  32  32
 163 165 166 167 168 120  96  80  74  82 104 141 134 139 130 120
 165 167 166 166 168  78  38  35  34  36  84 171 172 172 171 161
 166 166 166 166 168  78  39  36  35  37  91 171 171 172 171 169
 164 167 167 166 168  77  39  36  36  37  84 171 172 171 170 171
 164 167 166 167 168  74  39  37  36  36  90 170 170 170 169 171
 164 167 166 167 166 117  90  96  89  93 112 130 120 132 127 126
 162 167 168 168 167 168 167 168 171 170 135  35  35  32  32  34
 163 168 168 165 168 170 169 169 172 171 139  39  34  33  32  33
 164 165 167 167 170 169 168 170 171 171 125  39  35  33  33  33
 163 165 167 170 167 168 169 170 172 170 132  41  36  34  32  32
 160 163 163 162 166 167 160 168 166 165 134  40  35  34  33  32
 161 164 165 166 164 166 165 166 166 168 136  37  33  33  35  37
 161 165 166 166 164 166 166 167 167 166 137  39  37  35  36  39
 162 165 166 165 166 166 166 167 167 168 136  37  35  36  33  33
 163 165 165 165 165 166 166 167 167 168 137  38  35  36  34  34
 161 164 164 164 165 165 166 168 167 167 140  36  34  33  35  35
 162 165 166 165 166 118  96  81  75  82 104 140 131 137 126 120
 163 166 166 165 164  77  38  37  34  36  84 168 169 168 167 159
 164 166 166 166 165  78  39  38  35  38  92 169 169 168 168 169
 165 166 165 166 166  77  40  38  36  37  86 168 169 167 168 167
 162 166 165 166 166  74  39  37  36  37  91 168 168 167 169 170
 160 166 166 165 165 117  89  95  89  93 112 131 120 130 127 126
 161 167 167 166 167 167 166 165 168 167 133  36  37  32  32  36
 162 167 167 166 167 167 167 167 168 168 137  40  36  34  33  33
 163 167 167 168 168 167 168 168 168 169 123  39  36  35  33  32
 163 167 167 168 167 167 168 168 170 169 130  41  36  34  33  34
 160 164 164 163 166 166 159 167 166 164 133  41  36  36  34  33
 160 164 164 164 164 166 161 165 165 167 135  34  32  32  33  35
 161 165 165 166 164 165 165 167 166 166 136  37  34  33  34  36
 162 165 166 165 165 166 166 166 167 167 135  37  33  32  31  31
 162 165 165 165 165 166 165 165 167 168 133  37  34  33  31  31
 160 163 164 164 164 165 163 163 164 166 136  36  33  31  33  33
 161 165 166 165 165 119  95  80  73  83 103 140 131 136 126 119
 163 166 166 165 164  77  38  34  33  36  84 167 169 167 166 158
 164 166 166 166 165  78  36  34  34  35  92 168 169 168 168 165
 165 166 164 166 166  77  38  34  35  36  85 166 169 167 166 165
 162 166 165 166 165  73  39  35  35  35  90 164 167 166 164 165
 160 166 166 165 165 117  89  94  88  93 111 128 118 129 126 125
 161 167 167 166 167 167 165 165 167 167 131  36  34  31  31  34
 161 167 167 166 167 167 167 166 167 167 136  39  34  34  32  30
 162 167 167 168 168 167 167 167 168 166 123  38  35  34  32  31
 163 166 167 167 167 167 167 167 170 169 129  41  35  32  30  30
 160 164 164 163 165 165 158 166 165 164 132  40  35  30  29  30

  35  37  33  33  32 120 161 169 171 171 126  34  33  33  32  32
  34  36  32  33  32 130 171 171 170 169 127  32  32  33  32  33
  32  35  35  36  32 139 172 172 171 170 132  32  33  33  34  34
  30  36  37  37  33 134 172 171 172 170 120  35  34  35  36  35
  36  38  38  38  35 141 171 171 171 170 130  35  39  39  41  40
 137 139 137 137 141 104  84  91  84  90 112 135 139 125 132 134
 169 169 171 170 168  82  36  37  37  36  93 170 171 171 170 165
 166 167 170 169 166  74  34  35  36  36  89 171 172 171 172 166
 166 167 168 168 168  80  35  36  36  37  96 168 169 170 170 168
 166 167 166 168 166  96  38  39  39  39  90 167 169 168 169 160
 166 166 167 168 165 120  78  78  77  74 117 168 170 169 168 167
 165 167 170 169 167 168 168 168 168 168 166 167 168 170 167 166
 165 167 168 167 165 167 166 166 166 167 167 168 165 167 170 162
 165 166 168 167 165 166 166 166 167 166 166 168 168 167 167 163
 165 166 166 166 166 165 167 166 167 167 167 167 168 165 165 163
 161 162 164 163 163 163 165 166 164 164 164 162 163 164 163 160
  37  39  33  34  35 120 159 169 167 170 126  36  33  32  34  33
  35  36  33  34  35 126 167 168 168 169 127  32  33  33  33  34
  33  35  36  36  33 137 168 168 167 167 130  32  34  35  34  36
  33  37  35  35  34 131 169 169 169 168 120  37  36  36  36  36
  37  39  37  38  36 140 168 169 168 168 131  36  40  39  41  41
 136 137 136 137 140 104  84  92  86  91 112 133 137 123 130 133
 168 166 168 168 167  82  36  38  37  37  93 167 168 169 169 164
 166 167 167 167 167  75  34  35  36  36  89 168 168 168 170 166
 166 167 167 167 168  81  37  38  38  37  95 165 167 168 168 167
 165 166 166 166 166  96  38  39  40  39  89 166 167 168 168 159
 166 166 166 166 165 118  77  78  77  74 117 167 167 167 167 166
 164 164 166 165 165 166 164 165 166 166 165 167 167 168 167 166
 166 166 165 165 164 165 165 166 166 166 165 166 166 168 168 163
 165 166 166 165 164 166 166 166 165 165 166 167 167 167 167 164
 164 165 165 165 164 165 166 166 166 166 166 167 167 167 167 164
 161 161 162 163 161 162 163 164 165 162 160 161 162 163 163 160
  35  36  31  31  33 119 158 165 165 165 125  34  30  31  30  30
  33  34  31  31  33 126 166 168 166 164 126  31  32  32  30  29
  32  33  32  33  31 136 167 168 167 166 129  31  34  34  32  30
  32  34  33  34  33 131 169 169 169 167 118  34  34  35  35  35
  34  37  37  37  36 140 167 168 166 164 128  36  39  38  41  40
 135 136 135 133 136 103  84  92  85  90 111 131 136 123 129 132
 167 166 167 168 166  83  36  35  36  35  93 167 167 166 169 164
 165 166 167 167 164  73  33  34  35  35  88 167 167 168 170 165
 165 167 166 165 163  80  34  34  34  35  94 165 166 167 167 166
 161 165 166 165 163  95  38  36  38  39  89 165 167 167 167 158
 166 165 166 166 165 119  77  78  77  73 117 167 167 167 167 165
 164 164 165 165 164 165 164 165 166 165 165 167 167 168 167 165
 164 166 165 165 164 165 165 166 166 166 165 166 166 168 167 163
 164 165 166 165 164 166 166 166 164 165 166 167 167 167 167 164
 164 165 165 165 163 165 166 166 166 166 166 167 167 167 166 164
 160 161 162 162 160 161 163 164 165 162 160 161 161 162 163 160

  32  33  34  35  40 134 165 166 168 160 167 166 162 163 163 160
  32  32  34  36  41 132 170 172 170 169 168 167 170 167 165 163
  33  33  33  35  39 125 171 171 170 168 169 170 167 167 165 164
  33  32  33  34  39 139 171 172 169 169 170 168 165 168 168 163
  34  32  32  35  35 135 170 171 168 167 168 167 168 168 167 162
 126 127 132 120 130 112  93  89  96  90 117 166 167 166 167 164
 171 169 170 170 170  90  36  36  37  39  74 168 167 166 167 164
 171 170 171 172 171  84  37  36  36  39  77 168 166 167 167 164
 169 171 172 171 171  91  37  35  36  39  78 168 166 166 166 166
 161 171 172 172 171  84  36  34  35  38  78 168 166 166 167 165
 120 130 139 134 141 104  82  74  80  96 120 168 167 166 165 163
  32  32  32  33  35 141 168 166 168 166 165 167 165 165 166 163
  33  33  36  37  38 137 170 169 168 168 168 169 167 167 166 163
  33  32  35  37  38 137 171 170 168 166 167 170 168 168 166 164
  37  36  35  36  38 139 169 167 167 167 166 167 167 166 166 162
  35  34  32  30  36 137 169 166 166 166 166 165 165 165 165 161
  33  34  36  36  41 133 164 166 167 159 166 166 163 164 164 160
  34  33  34  36  41 130 169 170 168 168 167 167 168 167 167 163
  32  33  35  36  39 123 169 168 168 168 167 168 168 167 167 163
  33  33  34  36  40 137 168 168 167 167 167 167 166 167 167 162
  36  32  32  37  36 133 167 168 165 166 167 167 166 167 167 161
 126 127 130 120 131 112  93  89  95  89 117 165 165 166 166 160
 170 169 167 168 168  91  37  36  37  39  74 166 166 165 166 162
 167 168 167 169 168  86  37  36  38  40  77 166 166 165 166 165
 169 168 168 169 169  92  38  35  38  39  78 165 166 166 166 164
 159 167 168 169 168  84  36  34  37  38  77 164 165 166 166 163
 120 126 137 131 140 104  82  75  81  96 118 166 165 166 165 162
  35  35  33  34  36 140 167 167 168 166 165 165 164 164 164 161
  34  34  36  35  38 137 168 167 167 166 166 165 165 165 165 163
  33  33  36  35  37 136 168 167 167 166 166 166 165 166 165 162
  39  36  35  37  39 137 166 167 167 166 166 164 166 166 165 161
  37  35  33  33  37 136 168 166 166 165 166 164 166 165 164 161
  30  29  30  35  40 132 164 165 166 158 165 165 163 164 164 160
  30  30  32  35  41 129 169 170 167 167 167 167 167 167 166 163
  31  32  34  35  38 123 166 168 167 167 167 168 168 167 167 162
  30  32  34  34  39 136 167 167 166 167 167 167 166 167 167 161
  34  31  31  34  36 131 167 167 165 165 167 167 166 167 167 161
 125 126 129 118 128 111  93  88  94  89 117 165 165 166 166 160
 165 164 166 167 164  90  35  35  35  39  73 165 166 165 166 162
 165 166 167 169 166  85  36  35  34  38  77 166 166 164 166 165
 165 168 168 169 168  92  35  34  34  36  78 165 166 166 166 164
 158 166 167 169 167  84  36  33  34  38  77 164 165 166 166 163
 119 126 136 131 140 103  83  73  80  95 119 165 165 166 165 161
  33  33  31  33  36 136 166 164 163 163 165 164 164 164 163 160
  31  31  33  34  37 133 168 167 165 165 166 165 165 165 165 162
  31  31  32  33  37 135 167 167 166 166 166 165 165 166 165 162
  36  34  33  34  37 136 166 166 167 165 165 164 166 165 165 161
  35  33  32  32  34 135 167 165 165 161 166 164 164 164 164 160

 160 163 164 163 162 164 164 164 166 165 163 163 163 164 162 161
 163 165 165 168 167 167 167 167 166 167 165 166 166 166 166 165
 163 167 167 168 168 166 166 167 166 166 166 165 167 168 166 165
 162 170 167 165 168 167 167 166 166 166 167 165 167 168 167 165
 166 167 170 168 167 166 168 168 168 168 168 167 169 170 167 165
 167 168 169 170 168 117  74  77  78  78 120 165 168 167 166 166
 160 169 168 169 167  90  39  39  39  38  96 166 168 166 167 166
 168 170 170 169 168  96  37  36  36  35  80 168 168 168 167 166
 166 172 171 172 171  89  36  36  35  34  74 166 169 170 167 166
 165 170 171 171 170  93  36  37  37  36  82 168 170 171 169 169
 134 132 125 139 135 112  90  84  91  84 104 141 137 137 139 137
  40  41  39  39  35 130 170 171 171 171 141  35  38  38  38  36
  35  36  35  34  35 120 170 172 171 172 134  33  37  37  36  30
  34  34  33  33  32 132 170 171 172 172 139  32  36  35  35  32
  33  32  33  32  32 127 169 170 171 171 130  32  33  32  36  34
  32  32  33  33  34 126 171 171 169 161 120  32  33  33  37  35
 160 163 163 162 161 160 162 165 164 163 162 161 163 162 161 161
 164 167 167 167 167 166 166 166 166 166 165 164 165 165 165 164
 164 167 167 167 167 166 165 165 166 166 166 164 165 166 166 165
 163 168 168 166 166 165 166 166 166 165 165 164 165 165 166 166
 166 167 168 167 167 165 166 166 165 164 166 165 165 166 164 164
 166 167 167 167 167 117  74  77  78  77 118 165 166 166 166 166
 159 168 168 167 166  89  39  40  39  38  96 166 166 166 166 165
 167 168 168 167 165  95  37  38  38  37  81 168 167 167 167 166
 166 170 168 168 168  89  36  36  35  34  75 167 167 167 167 166
 164 169 169 168 167  93  37  37  38  36  82 167 168 168 166 168
 133 130 123 137 133 112  91  86  92  84 104 140 137 136 137 136
  41  41  39  40  36 131 168 168 169 168 140  36  38  37  39  37
  36  36  36  36  37 120 168 169 169 169 131  34  35  35  37  33
  36  34  35  34  32 130 167 167 168 168 137  33  36  36  35  33
  34  33  33  33  32 127 169 168 168 167 126  35  34  33  36  35
  33  34  32  33  36 126 170 167 169 159 120  35  34  33  39  37
 160 163 162 161 161 160 162 165 164 163 161 160 162 162 161 160
 164 166 167 167 167 166 166 166 166 166 165 163 165 165 165 164
 164 167 167 167 167 166 165 164 166 166 166 164 165 166 165 164
 163 167 168 166 166 165 166 166 166 165 165 164 165 165 166 164
 165 167 168 167 167 165 165 166 165 164 165 164 165 165 164 164
 165 167 167 167 167 117  73  77  78  77 119 165 166 166 165 166
 158 167 167 167 165  89  39  38  36  38  95 163 165 166 165 161
 166 167 167 166 165  94  35  34  34  34  80 163 165 166 167 165
 165 170 168 167 167  88  35  35  34  33  73 164 167 167 166 165
 164 169 166 167 167  93  35  36  35  36  83 166 168 167 166 167
 132 129 123 136 131 111  90  85  92  84 103 136 133 135 136 135
  40  41  38  39  36 128 164 166 168 167 140  36  37  37  37  34
  35  35  35  34  34 118 167 169 169 169 131  33  34  33  34  32
  30  32  34  34  31 129 166 167 168 167 136  31  33  32  33  32
  29  30  32  32  31 126 164 166 168 166 126  33  31  31  34  33
  30  30  31  30  34 125 165 165 165 158 119  33  31  31  36  35

