 174 176 177 179 177 178 179 175 186 186 134  46  42  39  35  35
 177 180 180 180 181 184 183 185 187 188 132  46  40  40  37  36
 178 180 179 180 182 184 184 186 189 191 133  47  42  48  50  39
 177 182 180 183 182 183 188 188 188 192 134  49  42  39  38  35
 178 184 180 184 187 184 185 191 188 190 130  43  39  40  41  44
 177 184 182 184 183 185 187 189 189 189 160 130 121 123 117 116
 178 181 180 185 183 183 188 187 189 189 191 184 186 182 182 178
 178 180 180 181 182 182 185 186 188 186 186 183 183 184 183 180
 175 178 178 182 180 181 183 189 186 186 183 184 182 183 181 183
 173 178 181 182 182 181 184 186 187 186 190 184 183 184 183 176
 176 179 181 181 183 182 185 181 183 187 173 147 141 145 145 146
 177 179 180 179 181 182 182 185 186 186 144  47  45  41  37  37
 175 178 180 179 178 182 182 187 185 185 142  42  40  42  38  37
 171 175 176 179 180 181 182 184 181 184 141  43  41  44  40  37
 171 175 176 176 181 180 181 178 184 185 146  41  43  49  58  54
 164 169 175 171 174 171 179 177 181 178 124  40  38  35  33  38
 174 174 171 172 173 175 176 173 179 180 133  47  44  41  36  36
 175 177 176 176 178 181 179 181 181 182 129  44  40  42  39  37
 173 176 177 177 178 179 179 182 181 183 127  45  43  50  51  40
 175 176 177 179 179 178 178 181 181 181 127  49  43  40  39  35
 173 177 177 179 179 177 180 180 180 180 128  44  40  41  41  44
 173 178 179 178 178 177 181 180 182 180 156 127 118 118 117 114
 174 177 175 177 176 176 180 179 179 181 181 178 177 176 177 174
 174 177 175 177 177 178 179 179 179 181 182 180 178 177 177 174
 171 176 175 174 175 178 180 178 180 179 180 180 178 177 175 176
 171 175 174 177 175 178 177 178 179 178 180 177 177 173 173 171
 172 174 175 178 175 175 177 176 178 177 166 144 138 140 139 144
 172 177 174 175 176 176 177 178 177 179 143  48  46  41  38  39
 170 178 176 174 177 176 178 177 177 179 138  42  42  42  39  40
 169 174 173 173 174 177 177 176 178 181 141  43  40  43  41  37
 169 173 173 172 175 176 176 175 176 177 140  40  46  49  59  55
 162 166 173 170 171 171 172 173 174 173 121  41  38  36  34  39
 164 165 166 166 166 165 165 162 168 168 126  42  38  34  33  32
 167 166 168 166 165 170 170 171 170 168 121  42  36  36  33  31
 167 168 168 167 169 171 171 171 171 169 121  44  37  45  47  36
 166 170 172 173 169 169 168 170 171 170 123  46  38  36  35  31
 167 170 169 169 167 170 166 170 170 169 122  42  37  37  39  41
 167 168 168 168 169 172 169 173 168 167 146 121 109 111 108 107
 168 169 171 169 167 171 170 173 171 168 167 166 164 166 165 166
 165 167 170 167 167 168 169 171 169 168 169 169 167 167 165 165
 165 167 168 169 169 165 168 170 169 168 167 169 170 167 168 166
 164 167 170 168 170 170 171 168 172 169 167 167 166 166 167 162
 167 169 168 163 167 168 167 169 170 169 156 139 133 136 136 139
 164 164 167 166 168 169 166 167 169 167 132  45  42  39  36  34
 165 164 166 166 166 167 164 166 168 164 129  40  33  39  34  31
 162 162 165 167 166 163 167 171 166 163 133  42  35  41  37  32
 162 165 167 166 164 166 167 168 168 166 137  38  36  47  55  52
 160 165 167 165 162 164 165 168 170 166 118  39  34  32  30  35

  35  36  39  35  44 116 178 180 183 176 146  37  37  37  54  38
  35  37  50  38  41 117 182 183 181 183 145  37  38  40  58  33
  39  40  48  39  40 123 182 184 183 184 145  41  42  44  49  35
  42  40  42  42  39 121 186 183 182 183 141  45  40  41  43  38
  46  46  47  49  43 130 184 183 184 184 147  47  42  43  41  40
 134 132 133 134 130 160 191 186 183 190 173 144 142 141 146 124
 186 188 191 192 190 189 189 186 186 186 187 186 185 184 185 178
 186 187 189 188 188 189 189 188 186 187 183 186 185 181 184 181
 175 185 186 188 191 189 187 186 189 186 181 185 187 184 178 177
 179 183 184 188 185 187 188 185 183 184 185 182 182 182 181 179
 178 184 184 183 184 185 183 182 181 181 182 182 182 181 180 171
 177 181 182 182 187 183 183 182 180 182 183 181 178 180 181 174
 179 180 180 183 184 184 185 181 182 182 181 179 179 179 176 171
 177 180 179 180 180 182 180 180 178 181 181 180 180 176 176 175
 176 180 180 182 184 184 181 180 178 178 179 179 178 175 175 169
 174 177 178 177 178 177 178 178 175 173 176 177 175 171 171 164
  36  37  40  35  44 114 174 174 176 171 144  39  40  37  55  39
  36  39  51  39  41 117 177 177 175 173 139  38  39  41  59  34
  41  42  50  40  41 118 176 177 177 173 140  41  42  43  49  36
  44  40  43  43  40 118 177 178 178 177 138  46  42  40  46  38
  47  44  45  49  44 127 178 180 180 177 144  48  42  43  40  41
 133 129 127 127 128 156 181 182 180 180 166 143 138 141 140 121
 180 182 183 181 180 180 181 181 179 178 177 179 179 181 177 173
 179 181 181 181 180 182 179 179 180 179 178 177 177 178 176 174
 173 181 182 181 180 180 179 179 178 178 176 178 177 176 175 173
 176 179 179 178 180 181 180 179 180 177 177 177 178 177 176 172
 175 181 179 178 177 177 176 178 178 178 175 176 176 177 176 171
 173 178 178 179 179 178 176 177 175 175 175 176 177 174 175 171
 172 176 177 179 179 178 177 177 174 177 178 175 174 173 172 170
 171 176 177 177 177 179 175 175 175 174 175 174 176 173 173 173
 174 177 176 176 177 178 177 177 176 175 174 177 178 174 173 166
 174 175 173 175 173 173 174 174 171 171 172 172 170 169 169 162
  32  31  36  31  41 107 166 165 166 162 139  34  31  32  52  35
  33  33  47  35  39 108 165 165 168 167 136  36  34  37  55  30
  34  36  45  36  37 111 166 167 167 166 136  39  39  41  47  32
  38  36  37  38  37 109 164 167 170 166 133  42  33  35  36  34
  42  42  44  46  42 121 166 169 169 167 139  45  40  42  38  39
 126 121 121 123 122 146 167 169 167 167 156 132 129 133 137 118
 168 168 169 170 169 167 168 168 168 169 169 167 164 163 166 166
 168 170 171 171 170 168 171 169 169 172 170 169 168 166 168 170
 162 171 171 170 170 173 173 171 170 168 169 167 166 171 168 168
 165 170 171 168 166 169 170 169 168 171 167 166 164 167 167 165
 165 170 171 169 170 172 171 168 165 170 168 169 167 163 166 164
 166 165 169 169 167 169 167 167 169 170 167 168 166 166 164 162
 166 166 167 173 169 168 169 167 169 168 163 166 166 167 166 165
 166 168 168 172 169 168 171 170 168 170 168 167 166 165 167 167
 165 166 168 170 170 168 169 167 167 167 169 164 164 162 165 165
 164 167 167 166 167 167 168 165 165 164 167 164 165 162 162 160

  38  33  35  38  40 124 178 181 177 179 171 174 171 175 169 164
  54  58  49  43  41 146 185 184 178 181 180 181 176 176 175 171
  37  40  44  41  43 141 184 181 184 182 181 180 179 176 175 171
  37  38  42  40  42 142 185 185 187 182 182 178 179 180 178 175
  37  37  41  45  47 144 186 186 185 182 182 181 179 180 179 177
 146 145 145 141 147 173 187 183 181 185 182 183 181 181 179 176
 176 183 184 183 184 190 186 187 186 184 181 182 182 181 178 173
 183 181 183 182 184 183 186 186 189 183 181 180 182 178 178 175
 180 183 184 183 183 186 186 188 186 185 182 182 181 180 180 178
 178 182 182 186 184 191 189 189 187 188 183 183 185 180 181 178
 116 117 123 121 130 160 189 189 189 187 185 183 184 182 184 177
  44  41  40  39  43 130 190 188 191 185 184 187 184 180 184 178
  35  38  39  42  49 134 192 188 188 188 183 182 183 180 182 177
  39  50  48  42  47 133 191 189 186 184 184 182 180 179 180 178
  36  37  40  40  46 132 188 187 185 183 184 181 180 180 180 177
  35  35  39  42  46 134 186 186 175 179 178 177 179 177 176 174
  39  34  36  38  41 121 173 174 173 172 171 171 170 173 166 162
  55  59  49  46  40 140 177 176 175 176 176 175 172 173 173 169
  37  41  43  40  43 141 181 178 176 177 177 174 173 173 174 169
  40  39  42  42  42 138 179 177 177 178 176 177 174 176 178 170
  39  38  41  46  48 143 179 177 178 177 176 176 175 174 177 172
 144 139 140 138 144 166 177 178 176 177 175 175 178 175 174 172
 171 173 173 177 177 180 178 179 178 177 178 175 177 174 175 171
 176 175 177 178 180 180 179 180 178 180 178 175 174 175 176 171
 174 177 177 178 180 182 181 179 179 179 178 177 177 175 177 174
 174 177 176 177 178 181 181 179 179 180 176 176 177 175 177 174
 114 117 118 118 127 156 180 182 180 181 177 178 178 179 178 173
  44  41  41  40  44 128 180 180 180 180 177 179 179 177 177 173
  35  39  40  43  49 127 181 181 181 178 178 179 179 177 176 175
  40  51  50  43  45 127 183 181 182 179 179 178 177 177 176 173
  37  39  42  40  44 129 182 181 181 179 181 178 176 176 177 175
  36  36  41  44  47 133 180 179 173 176 175 173 172 171 174 174
  35  30  32  34  39 118 166 170 168 165 164 162 165 167 165 160
  52  55  47  36  38 137 166 168 168 167 166 164 166 167 165 162
  32  37  41  35  42 133 163 166 171 167 163 166 167 165 162 162
  31  34  39  33  40 129 164 168 166 164 167 166 166 166 164 165
  34  36  39  42  45 132 167 169 167 166 169 168 166 167 164 164
 139 136 136 133 139 156 169 170 169 167 168 167 163 168 169 167
 162 167 166 166 167 167 169 172 168 171 170 170 168 170 167 164
 166 168 167 170 169 167 168 169 170 168 165 169 169 168 167 165
 165 165 167 167 169 169 168 169 171 169 168 167 167 170 167 165
 166 165 166 164 166 167 168 171 173 170 171 167 169 171 169 168
 107 108 111 109 121 146 167 168 173 169 172 169 168 168 168 167
  41  39  37  37  42 122 169 170 170 166 170 167 169 169 170 167
  31  35  36  38  46 123 170 171 170 168 169 169 173 172 170 166
  36  47  45  37  44 121 169 171 171 171 171 169 167 168 168 167
  31  33  36  36  42 121 168 170 171 170 170 165 166 168 166 167
  32  33  34  38  42 126 168 168 162 165 165 166 166 166 165 164

 164 171 171 175 177 176 173 175 178 178 177 178 177 178 177 174
 169 175 175 178 179 179 178 178 180 181 184 184 182 180 180 176
 175 176 176 180 180 181 181 178 180 180 182 180 180 179 180 177
 171 176 179 179 179 181 182 182 181 185 184 184 183 180 180 179
 174 181 180 178 181 183 182 180 182 183 183 187 182 182 181 177
 171 180 181 182 182 182 181 181 182 183 185 184 183 184 184 178
 179 181 182 182 182 185 184 183 185 188 187 185 188 184 183 179
 177 178 184 187 185 181 186 189 186 187 189 191 188 186 185 175
 181 184 181 185 186 183 187 186 188 189 189 188 188 189 187 186
 178 185 184 185 186 187 186 186 186 189 189 190 192 191 188 186
 124 146 141 142 144 173 190 183 186 191 160 130 134 133 132 134
  40  41  43  42  47 147 184 184 183 184 130  43  49  47  46  46
  38  43  41  40  45 141 183 182 183 186 121  39  42  42  40  42
  35  49  44  42  41 145 184 183 184 182 123  40  39  48  40  39
  33  58  40  38  37 145 183 181 183 182 117  41  38  50  37  35
  38  54  37  37  37 146 176 183 180 178 116  44  35  39  36  35
 162 169 169 170 172 172 171 171 174 174 173 173 175 173 175 174
 166 173 174 178 177 174 175 176 177 177 178 177 176 176 177 174
 173 173 173 176 174 175 174 175 175 175 179 177 177 177 176 171
 170 172 173 174 175 178 177 174 177 177 178 179 179 177 176 172
 171 175 174 177 176 175 175 175 177 176 178 179 179 178 178 173
 171 176 177 176 176 175 178 178 178 176 177 177 178 179 181 175
 172 176 177 178 177 177 177 180 179 180 181 180 178 179 179 176
 173 175 176 177 178 176 178 178 179 179 180 180 181 182 181 173
 174 176 178 177 177 178 179 180 179 179 182 180 181 181 181 179
 173 177 181 179 179 177 178 179 181 181 180 180 181 183 182 180
 121 140 141 138 143 166 180 180 182 181 156 128 127 127 129 133
  41  40  43  42  48 144 177 180 180 178 127  44  49  45  44  47
  38  46  40  42  46 138 177 178 178 177 118  40  43  43  40  44
  36  49  43  42  41 140 173 177 177 176 118  41  40  50  42  41
  34  59  41  39  38 139 173 175 177 177 117  41  39  51  39  36
  39  55  37  40  39 144 171 176 174 174 114  44  35  40  37  36
 160 162 162 165 164 167 164 165 165 168 167 167 166 167 167 164
 165 165 162 164 164 169 167 167 167 169 168 170 170 168 166 165
 167 167 165 166 167 168 170 168 170 171 168 169 172 168 168 166
 165 166 167 166 166 163 168 169 167 169 168 169 173 167 166 166
 162 164 166 166 168 167 170 169 167 167 169 167 169 169 165 166
 164 166 163 167 169 168 170 165 168 171 172 170 169 171 170 165
 165 167 167 164 166 167 171 168 169 170 169 166 168 171 170 165
 168 168 171 166 167 169 168 170 171 173 173 170 170 171 171 162
 170 168 166 168 169 170 172 169 169 171 168 170 171 171 170 168
 166 166 163 164 167 169 169 168 168 168 167 169 170 169 168 168
 118 137 133 129 132 156 167 167 169 167 146 122 123 121 121 126
  39  38  42  40  45 139 167 169 169 166 121  42  46  44  42  42
  34  36  35  33  42 133 166 170 167 164 109  37  38  37  36  38
  32  47  41  39  39 136 166 167 167 166 111  37  36  45  36  34
  30  55  37  34  36 136 167 168 165 165 108  39  35  47  33  33
  35  52  32  31  34 139 162 166 165 166 107  41  31  36  31  32

