 205 207 212 208 214 137 106  85  77  96 162 207 209 212 213 206
 214 214 219 216 214 131  98  91  80 108 179 207 217 218 218 208
 214 217 221 216 210 139  95  86  91  99 184 209 217 218 218 208
 215 216 219 218 204 151 109 100 101 106 187 211 212 212 213 212
 212 218 219 218 204 175 139 140 133 156 185 209 216 226 218 195
 207 216 218 219 210 214 223 214 202 192 172 136 130 122 136 140
 209 216 219 221 218 218 218 218 215 211 178 119  98  89  90  85
 209 212 218 220 221 220 221 222 219 213 172 125  96  73  62  64
 208 210 215 216 216 217 220 219 217 214 161 111 101  69  62  60
 214 205 212 216 216 214 220 216 212 217 194 101  95  63  61  61
 153 171 185 194 188 183 171 178 188 191 150  88  74  58  59  61
  90  94  89  98  97 103 115 116  94  92  89  79  64  63  64  62
  74  74  66  72  78  79  75  68  65  74  74  75  69  71  67  63
  73  73  66  65  69  68  70  64  63  59  58  63  65  65  65  58
  67  62  60  60  64  65  63  59  62  57  58  62  57  57  60  58
  63  61  59  60  62  67  64  57  61  59  58  65  54  57  59  59
 215 218 219 219 230 137  85  67  71  83 164 222 217 218 218 224
 220 219 220 221 225 125  80  61  73  87 172 219 220 220 218 216
 221 219 220 221 222 130  78  60  78  80 168 222 220 220 219 223
 218 219 220 221 221 132  87  77  84  85 162 221 219 218 219 231
 217 220 220 220 214 164 121 123 118 154 178 211 217 223 228 192
 217 218 219 220 217 216 223 221 217 211 193  89  89  87 102 111
 220 218 220 221 219 220 220 219 218 220 194  78  67  67  72  71
 221 219 220 221 220 220 221 219 220 217 187 113  63  63  66  65
 221 218 219 220 219 220 220 220 220 218 174  98  62  60  63  65
 229 218 220 222 224 224 220 220 220 226 207  93  65  59  59  60
 142 158 169 185 179 175 146 157 172 183 142  72  67  60  59  60
  76  75  68  74  72  73  81  88  81  63  70  71  69  61  61  61
  72  74  66  68  68  68  73  70  69  63  67  73  71  63  62  63
  69  72  64  62  68  68  73  68  66  60  60  66  66  64  64  61
  67  67  63  63  67  67  67  65  66  61  61  63  63  62  64  62
  66  65  61  62  64  61  64  63  66  65  63  65  62  63  63  63
 211 210 209 209 220 117  77  63  67  65 152 214 212 212 210 202
 214 210 209 204 202  89  61  59  65  75 161 209 211 211 209 191
 215 213 211 204 196  90  57  58  58  64 156 212 211 211 210 184
 209 210 211 206 190 103  69  66  59  66 149 210 207 206 206 193
 208 211 210 210 196 149 110 114 103 139 164 181 187 186 198 160
 207 212 212 211 203 211 221 213 203 194 172  63  61  57  75  83
 210 213 212 210 210 211 211 210 209 205 164  68  53  50  50  57
 211 210 211 210 211 210 210 211 210 205 157  93  52  53  52  53
 211 208 209 209 209 209 209 211 209 206 134  72  51  55  55  53
 217 203 198 203 207 209 208 203 202 209 168  68  53  59  57  58
 105 124 139 159 149 140 113 126 147 163 113  54  54  56  55  55
  48  45  43  39  48  55  68  68  54  34  50  57  50  53  52  52
  49  47  50  46  49  54  67  59  55  54  56  60  53  54  54  54
  51  52  53  51  54  59  64  59  56  56  54  57  57  54  52  52
  55  58  54  53  56  59  63  62  53  54  53  55  54  51  51  51
  57  56  55  53  51  61  62  58  50  52  53  49  50  51  51  50

 206 208 208 212 195 140  85  64  60  61  61  62  63  58  58  59
 213 218 218 213 218 136  90  62  62  61  59  64  67  65  60  59
 212 218 218 212 226 122  89  73  69  63  58  63  71  65  57  57
 209 217 217 212 216 130  98  96 101  95  74  64  69  65  57  54
 207 207 209 211 209 136 119 125 111 101  88  79  75  63  62  65
 162 179 184 187 185 172 178 172 161 194 150  89  74  58  58  58
  96 108  99 106 156 192 211 213 214 217 191  92  74  59  57  59
  77  80  91 101 133 202 215 219 217 212 188  94  65  63  62  61
  85  91  86 100 140 214 218 222 219 216 178 116  68  64  59  57
 106  98  95 109 139 223 218 221 220 220 171 115  75  70  63  64
 137 131 139 151 175 214 218 220 217 214 183 103  79  68  65  67
 214 214 210 204 204 210 218 221 216 216 188  97  78  69  64  62
 208 216 216 218 218 219 221 220 216 216 194  98  72  65  60  60
 212 219 221 219 219 218 219 218 215 212 185  89  66  66  60  59
 207 214 217 216 218 216 216 212 210 205 171  94  74  73  62  61
 205 214 214 215 212 207 209 209 208 214 153  90  74  73  67  63
 224 216 223 231 192 111  71  65  65  60  60  61  63  61  62  63
 218 218 219 219 228 102  72  66  63  59  59  61  62  64  64  63
 218 220 220 218 223  87  67  63  60  59  60  61  63  64  62  63
 217 220 220 219 217  89  67  63  62  65  67  69  71  66  63  62
 222 219 222 221 211  89  78 113  98  93  72  71  73  66  63  65
 164 172 168 162 178 193 194 187 174 207 142  70  67  60  61  63
  83  87  80  85 154 211 220 217 218 226 183  63  63  60  61  65
  71  73  78  84 118 217 218 220 220 220 172  81  69  66  66  66
  67  61  60  77 123 221 219 219 220 220 157  88  70  68  65  63
  85  80  78  87 121 223 220 221 220 220 146  81  73  73  67  64
 137 125 130 132 164 216 220 220 220 224 175  73  68  68  67  61
 230 225 222 221 214 217 219 220 219 224 179  72  68  68  67  64
 219 221 221 221 220 220 221 221 220 222 185  74  68  62  63  62
 219 220 220 220 220 219 220 220 219 220 169  68  66  64  63  61
 218 219 219 219 220 218 218 219 218 218 158  75  74  72  67  65
 215 220 221 218 217 217 220 221 221 229 142  76  72  69  67  66
 202 191 184 193 160  83  57  53  53  58  55  52  54  52  51  50
 210 209 210 206 198  75  50  52  55  57  55  52  54  52  51  51
 212 211 211 206 186  57  50  53  55  59  56  53  54  54  51  51
 212 211 211 207 187  61  53  52  51  53  54  50  53  57  54  50
 214 209 212 210 181  63  68  93  72  68  54  57  60  57  55  49
 152 161 156 149 164 172 164 157 134 168 113  50  56  54  53  53
  65  75  64  66 139 194 205 205 206 209 163  34  54  56  54  52
  67  65  58  59 103 203 209 210 209 202 147  54  55  56  53  50
  63  59  58  66 114 213 210 211 211 203 126  68  59  59  62  58
  77  61  57  69 110 221 211 210 209 208 113  68  67  64  63  62
 117  89  90 103 149 211 211 210 209 209 140  55  54  59  59  61
 220 202 196 190 196 203 210 211 209 207 149  48  49  54  56  51
 209 204 204 206 210 211 210 210 209 203 159  39  46  51  53  53
 209 209 211 211 210 212 212 211 209 198 139  43  50  53  54  55
 210 210 213 210 211 212 213 210 208 203 124  45  47  52  58  56
 211 214 215 209 208 207 210 211 211 217 105  48  49  51  55  57

  59  59  57  54  65  58  59  61  57  64  67  62  60  59  61  63
  58  60  57  57  62  58  57  62  59  63  65  64  60  60  62  67
  58  65  65  65  63  58  59  63  64  70  68  69  65  66  73  73
  63  67  71  69  75  74  74  65  68  75  79  78  72  66  74  74
  62  64  63  64  79  89  92  94 116 115 103  97  98  89  94  90
  61  59  58  74  88 150 191 188 178 171 183 188 194 185 171 153
  61  61  63  95 101 194 217 212 216 220 214 216 216 212 205 214
  60  62  69 101 111 161 214 217 219 220 217 216 216 215 210 208
  64  62  73  96 125 172 213 219 222 221 220 221 220 218 212 209
  85  90  89  98 119 178 211 215 218 218 218 218 221 219 216 209
 140 136 122 130 136 172 192 202 214 223 214 210 219 218 216 207
 195 218 226 216 209 185 156 133 140 139 175 204 218 219 218 212
 212 213 212 212 211 187 106 101 100 109 151 204 218 219 216 215
 208 218 218 217 209 184  99  91  86  95 139 210 216 221 217 214
 208 218 218 217 207 179 108  80  91  98 131 214 216 219 214 214
 206 213 212 209 207 162  96  77  85 106 137 214 208 212 207 205
  63  63  63  62  65  63  65  66  63  64  61  64  62  61  65  66
  62  64  62  63  63  61  61  66  65  67  67  67  63  63  67  67
  61  64  64  66  66  60  60  66  68  73  68  68  62  64  72  69
  63  62  63  71  73  67  63  69  70  73  68  68  68  66  74  72
  61  61  61  69  71  70  63  81  88  81  73  72  74  68  75  76
  60  59  60  67  72 142 183 172 157 146 175 179 185 169 158 142
  60  59  59  65  93 207 226 220 220 220 224 224 222 220 218 229
  65  63  60  62  98 174 218 220 220 220 220 219 220 219 218 221
  65  66  63  63 113 187 217 220 219 221 220 220 221 220 219 221
  71  72  67  67  78 194 220 218 219 220 220 219 221 220 218 220
 111 102  87  89  89 193 211 217 221 223 216 217 220 219 218 217
 192 228 223 217 211 178 154 118 123 121 164 214 220 220 220 217
 231 219 218 219 221 162  85  84  77  87 132 221 221 220 219 218
 223 219 220 220 222 168  80  78  60  78 130 222 221 220 219 221
 216 218 220 220 219 172  87  73  61  80 125 225 221 220 219 220
 224 218 218 217 222 164  83  71  67  85 137 230 219 219 218 215
  50  51  51  50  49  53  52  50  58  62  61  51  53  55  56  57
  51  51  51  54  55  53  54  53  62  63  59  56  53  54  58  55
  52  52  54  57  57  54  56  56  59  64  59  54  51  53  52  51
  54  54  54  53  60  56  54  55  59  67  54  49  46  50  47  49
  52  52  53  50  57  50  34  54  68  68  55  48  39  43  45  48
  55  55  56  54  54 113 163 147 126 113 140 149 159 139 124 105
  58  57  59  53  68 168 209 202 203 208 209 207 203 198 203 217
  53  55  55  51  72 134 206 209 211 209 209 209 209 209 208 211
  53  52  53  52  93 157 205 210 211 210 210 211 210 211 210 211
  57  50  50  53  68 164 205 209 210 211 211 210 210 212 213 210
  83  75  57  61  63 172 194 203 213 221 211 203 211 212 212 207
 160 198 186 187 181 164 139 103 114 110 149 196 210 210 211 208
 193 206 206 207 210 149  66  59  66  69 103 190 206 211 210 209
 184 210 211 211 212 156  64  58  58  57  90 196 204 211 213 215
 191 209 211 211 209 161  75  65  59  61  89 202 204 209 210 214
 202 210 212 212 214 152  65  67  63  77 117 220 209 209 210 211

  63  67  73  74  90 153 214 208 209 209 207 212 215 214 214 205
  61  62  73  74  94 171 205 210 212 216 216 218 216 217 214 207
  59  60  66  66  89 185 212 215 218 219 218 219 219 221 219 212
  60  60  65  72  98 194 216 216 220 221 219 218 218 216 216 208
  62  64  69  78  97 188 216 216 221 218 210 204 204 210 214 214
  67  65  68  79 103 183 214 217 220 218 214 175 151 139 131 137
  64  63  70  75 115 171 220 220 221 218 223 139 109  95  98 106
  57  59  64  68 116 178 216 219 222 218 214 140 100  86  91  85
  61  62  63  65  94 188 212 217 219 215 202 133 101  91  80  77
  59  57  59  74  92 191 217 214 213 211 192 156 106  99 108  96
  58  58  58  74  89 150 194 161 172 178 172 185 187 184 179 162
  65  62  63  75  79  88 101 111 125 119 136 209 211 209 207 207
  54  57  65  69  64  74  95 101  96  98 130 216 212 217 217 209
  57  57  65  71  63  58  63  69  73  89 122 226 212 218 218 212
  59  60  65  67  64  59  61  62  62  90 136 218 213 218 218 213
  59  58  58  63  62  61  61  60  64  85 140 195 212 208 208 206
  66  67  69  72  76 142 229 221 221 220 217 217 218 221 220 215
  65  67  72  74  75 158 218 218 219 218 218 220 219 219 219 218
  61  63  64  66  68 169 220 219 220 220 219 220 220 220 220 219
  62  63  62  68  74 185 222 220 221 221 220 220 221 221 221 219
  64  67  68  68  72 179 224 219 220 219 217 214 221 222 225 230
  61  67  68  68  73 175 224 220 220 220 216 164 132 130 125 137
  64  67  73  73  81 146 220 220 221 220 223 121  87  78  80  85
  63  65  68  70  88 157 220 220 219 219 221 123  77  60  61  67
  66  66  66  69  81 172 220 220 220 218 217 118  84  78  73  71
  65  61  60  63  63 183 226 218 217 220 211 154  85  80  87  83
  63  61  60  67  70 142 207 174 187 194 193 178 162 168 172 164
  65  63  66  73  71  72  93  98 113  78  89 211 221 222 219 222
  62  63  66  71  69  67  65  62  63  67  89 217 219 220 220 217
  63  62  64  63  61  60  59  60  63  67  87 223 218 220 220 218
  63  64  64  62  61  59  59  63  66  72 102 228 219 219 218 218
  63  62  61  63  61  60  60  65  65  71 111 192 231 223 216 224
  57  55  51  49  48 105 217 211 211 210 207 208 209 215 214 211
  56  58  52  47  45 124 203 208 210 213 212 211 210 213 210 210
  55  54  53  50  43 139 198 209 211 212 212 210 211 211 209 209
  53  53  51  46  39 159 203 209 210 210 211 210 206 204 204 209
  51  56  54  49  48 149 207 209 211 210 203 196 190 196 202 220
  61  59  59  54  55 140 209 209 210 211 211 149 103  90  89 117
  62  63  64  67  68 113 208 209 210 211 221 110  69  57  61  77
  58  62  59  59  68 126 203 211 211 210 213 114  66  58  59  63
  50  53  56  55  54 147 202 209 210 209 203 103  59  58  65  67
  52  54  56  54  34 163 209 206 205 205 194 139  66  64  75  65
  53  53  54  56  50 113 168 134 157 164 172 164 149 156 161 152
  49  55  57  60  57  54  68  72  93  68  63 181 210 212 209 214
  50  54  57  53  50  54  53  51  52  53  61 187 207 211 211 212
  51  51  54  54  53  56  59  55  53  50  57 186 206 211 211 212
  51  51  52  54  52  55  57  55  52  50  75 198 206 210 209 210
  50  51  52  54  52  55  58  53  53  57  83 160 193 184 191 202

