 202 200 206 204 198 131  83  66  62  89 135 209 203 209 203 190
 204 200 207 205 201 129  79  66  61  77 118 216 209 214 212 200
 206 202 211 208 202 131  85  67  58  80 120 213 205 208 212 195
 202 204 210 209 206 126  82  61  56  77 113 205 202 206 208 194
 205 205 211 209 202 120  69  56  56  62  96 176 177 182 192 166
 208 202 212 208 202 119  78  66  55  55  77 112  82  77 101  79
 210 203 211 213 203 119  99  74  53  51  57  65  64  66  72  63
 204 204 212 213 205 118  95  73  53  50  52  52  54  61  55  46
 201 203 206 206 204 115  92  67  58  55  55  53  55  59  54  46
 196 193 201 203 195 122 111  96  81  81  76  62  60  56  54  51
 147 152 166 175 169 156 158 172 162 168 154  72  67  52  54  55
  62  71  74  98 109 206 191 199 200 199 181  76  74  57  52  55
  54  52  56  74  97 206 199 208 210 204 179  81  82  55  48  51
  52  52  55  66  98 205 197 210 212 206 180  76  76  50  46  46
  53  47  50  63  93 208 198 206 206 201 171  75  74  51  46  52
  56  47  51  58  93 193 178 189 194 193 148  72  67  54  51  53
 215 218 218 216 218 131  68  62  62  81 134 219 219 218 218 221
 216 218 218 218 220 128  63  60  61  81 117 220 219 219 218 218
 219 218 218 217 218 125  63  59  58  78 116 218 219 219 217 215
 217 217 218 217 220 122  67  59  58  76 114 217 219 220 219 215
 219 218 219 217 219 124  62  58  60  66  95 180 187 189 193 188
 219 218 218 217 222 123  64  60  58  62  71  91  57  64  67  59
 216 217 218 219 220 119  70  60  61  63  61  61  62  64  63  66
 215 218 218 219 222 117  61  57  61  60  61  56  54  58  59  58
 217 218 217 219 224 118  73  65  63  62  61  56  56  59  55  57
 223 220 214 219 217 125  88  85  79  76  76  62  56  59  53  54
 152 148 159 162 164 161 179 204 198 200 174  73  59  56  58  58
  55  60  65  67  84 211 220 219 219 221 196  73  61  63  62  62
  54  54  62  65  86 208 217 219 218 216 188  76  65  61  60  59
  56  56  56  68  91 207 217 218 218 216 191  75  64  56  60  61
  53  53  56  66  90 212 216 217 217 216 186  73  61  55  60  61
  53  53  58  64  91 196 193 195 199 206 157  67  58  58  58  58
 208 205 208 208 197 108  58  57  53  49 123 213 207 205 206 198
 207 203 207 207 197 104  52  52  48  46  97 209 204 205 208 191
 207 203 206 206 196 103  56  56  56  51 100 208 204 205 208 187
 204 203 204 206 203 104  60  59  53  50 100 208 202 202 201 188
 209 204 203 205 202 106  51  52  47  49  81 161 161 164 166 158
 210 207 203 205 197  93  50  54  50  46  55  75  41  42  41  43
 210 207 203 203 196  93  50  54  47  43  43  49  54  51  60  52
 207 205 203 203 198  93  49  51  48  46  48  49  52  43  48  53
 203 202 203 206 201  91  51  53  53  53  52  49  48  46  51  51
 215 194 200 191 194 111  78  75  76  69  63  51  52  49  53  49
 119 114 130 132 141 148 163 182 184 196 159  55  50  45  47  48
  47  44  41  45  63 193 205 207 208 210 173  49  47  45  52  52
  50  48  51  46  68 194 205 207 205 205 165  48  46  46  45  47
  47  47  55  42  71 195 207 206 205 205 166  48  49  46  45  48
  47  50  49  47  69 196 206 203 205 203 160  49  49  46  50  51
  47  49  42  42  63 169 165 172 175 178 134  53  46  47  48  47

 190 200 195 194 166  79  63  46  46  51  55  55  51  46  52  53
 203 212 212 208 192 101  72  55  54  54  54  52  48  46  46  51
 209 214 208 206 182  77  66  61  59  56  52  57  55  50  51  54
 203 209 205 202 177  82  64  54  55  60  67  74  82  76  74  67
 209 216 213 205 176 112  65  52  53  62  72  76  81  76  75  72
 135 118 120 113  96  77  57  52  55  76 154 181 179 180 171 148
  89  77  80  77  62  55  51  50  55  81 168 199 204 206 201 193
  62  61  58  56  56  55  53  53  58  81 162 200 210 212 206 194
  66  66  67  61  56  66  74  73  67  96 172 199 208 210 206 189
  83  79  85  82  69  78  99  95  92 111 158 191 199 197 198 178
 131 129 131 126 120 119 119 118 115 122 156 206 206 205 208 193
 198 201 202 206 202 202 203 205 204 195 169 109  97  98  93  93
 204 205 208 209 209 208 213 213 206 203 175  98  74  66  63  58
 206 207 211 210 211 212 211 212 206 201 166  74  56  55  50  51
 200 200 202 204 205 202 203 204 203 193 152  71  52  52  47  47
 202 204 206 202 205 208 210 204 201 196 147  62  54  52  53  56
 221 218 215 215 188  59  66  58  57  54  58  62  59  61  61  58
 218 218 217 219 193  67  63  59  55  53  58  62  60  60  60  58
 218 219 219 220 189  64  64  58  59  59  56  63  61  56  55  58
 219 219 219 219 187  57  62  54  56  56  59  61  65  64  61  58
 219 220 218 217 180  91  61  56  56  62  73  73  76  75  73  67
 134 117 116 114  95  71  61  61  61  76 174 196 188 191 186 157
  81  81  78  76  66  62  63  60  62  76 200 221 216 216 216 206
  62  61  58  58  60  58  61  61  63  79 198 219 218 218 217 199
  62  60  59  59  58  60  60  57  65  85 204 219 219 218 217 195
  68  63  63  67  62  64  70  61  73  88 179 220 217 217 216 193
 131 128 125 122 124 123 119 117 118 125 161 211 208 207 212 196
 218 220 218 220 219 222 220 222 224 217 164  84  86  91  90  91
 216 218 217 217 217 217 219 219 219 219 162  67  65  68  66  64
 218 218 218 218 219 218 218 218 217 214 159  65  62  56  56  58
 218 218 218 217 218 218 217 218 218 220 148  60  54  56  53  53
 215 216 219 217 219 219 216 215 217 223 152  55  54  56  53  53
 198 191 187 188 158  43  52  53  51  49  48  52  47  48  51  47
 206 208 208 201 166  41  60  48  51  53  47  52  45  45  50  48
 205 205 205 202 164  42  51  43  46  49  45  45  46  46  46  47
 207 204 204 202 161  41  54  52  48  52  50  47  46  49  49  46
 213 209 208 208 161  75  49  49  49  51  55  49  48  48  49  53
 123  97 100 100  81  55  43  48  52  63 159 173 165 166 160 134
  49  46  51  50  49  46  43  46  53  69 196 210 205 205 203 178
  53  48  56  53  47  50  47  48  53  76 184 208 205 205 205 175
  57  52  56  59  52  54  54  51  53  75 182 207 207 206 203 172
  58  52  56  60  51  50  50  49  51  78 163 205 205 207 206 165
 108 104 103 104 106  93  93  93  91 111 148 193 194 195 196 169
 197 197 196 203 202 197 196 198 201 194 141  63  68  71  69  63
 208 207 206 206 205 205 203 203 206 191 132  45  46  42  47  42
 208 207 206 204 203 203 203 203 203 200 130  41  51  55  49  42
 205 203 203 203 204 207 207 205 202 194 114  44  48  47  50  49
 208 207 207 204 209 210 210 207 203 215 119  47  50  47  47  47

  53  51  54  67  72 148 193 194 189 178 193  93  58  51  47  56
  52  46  51  74  75 171 201 206 206 198 208  93  63  50  47  53
  46  46  50  76  76 180 206 212 210 197 205  98  66  55  52  52
  51  48  55  82  81 179 204 210 208 199 206  97  74  56  52  54
  55  52  57  74  76 181 199 200 199 191 206 109  98  74  71  62
  55  54  52  67  72 154 168 162 172 158 156 169 175 166 152 147
  51  54  56  60  62  76  81  81  96 111 122 195 203 201 193 196
  46  54  59  55  53  55  55  58  67  92 115 204 206 206 203 201
  46  55  61  54  52  52  50  53  73  95 118 205 213 212 204 204
  63  72  66  64  65  57  51  53  74  99 119 203 213 211 203 210
  79 101  77  82 112  77  55  55  66  78 119 202 208 212 202 208
 166 192 182 177 176  96  62  56  56  69 120 202 209 211 205 205
 194 208 206 202 205 113  77  56  61  82 126 206 209 210 204 202
 195 212 208 205 213 120  80  58  67  85 131 202 208 211 202 206
 200 212 214 209 216 118  77  61  66  79 129 201 205 207 200 204
 190 203 209 203 209 135  89  62  66  83 131 198 204 206 200 202
  58  58  58  58  67 157 206 199 195 193 196  91  64  58  53  53
  61  60  55  61  73 186 216 217 217 216 212  90  66  56  53  53
  61  60  56  64  75 191 216 218 218 217 207  91  68  56  56  56
  59  60  61  65  76 188 216 218 219 217 208  86  65  62  54  54
  62  62  63  61  73 196 221 219 219 220 211  84  67  65  60  55
  58  58  56  59  73 174 200 198 204 179 161 164 162 159 148 152
  54  53  59  56  62  76  76  79  85  88 125 217 219 214 220 223
  57  55  59  56  56  61  62  63  65  73 118 224 219 217 218 217
  58  59  58  54  56  61  60  61  57  61 117 222 219 218 218 215
  66  63  64  62  61  61  63  61  60  70 119 220 219 218 217 216
  59  67  64  57  91  71  62  58  60  64 123 222 217 218 218 219
 188 193 189 187 180  95  66  60  58  62 124 219 217 219 218 219
 215 219 220 219 217 114  76  58  59  67 122 220 217 218 217 217
 215 217 219 219 218 116  78  58  59  63 125 218 217 218 218 219
 218 218 219 219 220 117  81  61  60  63 128 220 218 218 218 216
 221 218 218 219 219 134  81  62  62  68 131 218 216 218 218 215
  47  48  47  46  53 134 178 175 172 165 169  63  42  42  49  47
  51  50  46  49  49 160 203 205 203 206 196  69  47  49  50  47
  48  45  46  49  48 166 205 205 206 207 195  71  42  55  47  47
  47  45  46  46  48 165 205 205 207 205 194  68  46  51  48  50
  52  52  45  47  49 173 210 208 207 205 193  63  45  41  44  47
  48  47  45  50  55 159 196 184 182 163 148 141 132 130 114 119
  49  53  49  52  51  63  69  76  75  78 111 194 191 200 194 215
  51  51  46  48  49  52  53  53  53  51  91 201 206 203 202 203
  53  48  43  52  49  48  46  48  51  49  93 198 203 203 205 207
  52  60  51  54  49  43  43  47  54  50  93 196 203 203 207 210
  43  41  42  41  75  55  46  50  54  50  93 197 205 203 207 210
 158 166 164 161 161  81  49  47  52  51 106 202 205 203 204 209
 188 201 202 202 208 100  50  53  59  60 104 203 206 204 203 204
 187 208 205 204 208 100  51  56  56  56 103 196 206 206 203 207
 191 208 205 204 209  97  46  48  52  52 104 197 207 207 203 207
 198 206 205 207 213 123  49  53  57  58 108 197 208 208 205 208

  56  53  52  54  62 147 196 201 204 210 208 205 202 206 204 202
  47  47  52  52  71 152 193 203 204 203 202 205 204 202 200 200
  51  50  55  56  74 166 201 206 212 211 212 211 210 211 207 206
  58  63  66  74  98 175 203 206 213 213 208 209 209 208 205 204
  93  93  98  97 109 169 195 204 205 203 202 202 206 202 201 198
 193 208 205 206 206 156 122 115 118 119 119 120 126 131 129 131
 178 198 197 199 191 158 111  92  95  99  78  69  82  85  79  83
 189 206 210 208 199 172  96  67  73  74  66  56  61  67  66  66
 194 206 212 210 200 162  81  58  53  53  55  56  56  58  61  62
 193 201 206 204 199 168  81  55  50  51  55  62  77  80  77  89
 148 171 180 179 181 154  76  55  52  57  77  96 113 120 118 135
  72  75  76  81  76  72  62  53  52  65 112 176 205 213 216 209
  67  74  76  82  74  67  60  55  54  64  82 177 202 205 209 203
  54  51  50  55  57  52  56  59  61  66  77 182 206 208 214 209
  51  46  46  48  52  54  54  54  55  72 101 192 208 212 212 203
  53  52  46  51  55  55  51  46  46  63  79 166 194 195 200 190
  53  53  56  54  55 152 223 217 215 216 219 219 217 219 216 215
  53  53  56  54  60 148 220 218 218 217 218 218 217 218 218 218
  58  56  56  62  65 159 214 217 218 218 218 219 218 218 218 218
  64  66  68  65  67 162 219 219 219 219 217 217 217 217 218 216
  91  90  91  86  84 164 217 224 222 220 222 219 220 218 220 218
 196 212 207 208 211 161 125 118 117 119 123 124 122 125 128 131
 193 216 217 217 220 179  88  73  61  70  64  62  67  63  63  68
 195 217 218 219 219 204  85  65  57  60  60  58  59  59  60  62
 199 217 218 218 219 198  79  63  61  61  58  60  58  58  61  62
 206 216 216 216 221 200  76  62  60  63  62  66  76  78  81  81
 157 186 191 188 196 174  76  61  61  61  71  95 114 116 117 134
  67  73  75  76  73  73  62  56  56  61  91 180 217 218 220 219
  58  61  64  65  61  59  56  56  54  62  57 187 219 219 219 219
  58  55  56  61  63  56  59  59  58  64  64 189 220 219 219 218
  58  60  60  60  62  58  53  55  59  63  67 193 219 217 218 218
  58  61  61  59  62  58  54  57  58  66  59 188 215 215 218 221
  47  47  47  50  47 119 215 203 207 210 210 209 204 207 207 208
  49  50  47  48  44 114 194 202 205 207 207 204 203 203 203 205
  42  49  55  51  41 130 200 203 203 203 203 203 204 206 207 208
  42  47  42  46  45 132 191 206 203 203 205 205 206 206 207 208
  63  69  71  68  63 141 194 201 198 196 197 202 203 196 197 197
 169 196 195 194 193 148 111  91  93  93  93 106 104 103 104 108
 165 206 207 205 205 163  78  51  49  50  50  51  60  56  52  58
 172 203 206 207 207 182  75  53  51  54  54  52  59  56  52  57
 175 205 205 205 208 184  76  53  48  47  50  47  53  56  48  53
 178 203 205 205 210 196  69  53  46  43  46  49  50  51  46  49
 134 160 166 165 173 159  63  52  48  43  55  81 100 100  97 123
  53  49  48  48  49  55  51  49  49  49  75 161 208 208 209 213
  46  49  49  46  47  50  52  48  52  54  41 161 202 204 204 207
  47  46  46  46  45  45  49  46  43  51  42 164 202 205 205 205
  48  50  45  45  52  47  53  51  48  60  41 166 201 208 208 206
  47  51  48  47  52  48  49  51  53  52  43 158 188 187 191 198

