 188 195 197 191 193 116  53  60  55  63  88 188 187 187 184 178
 195 199 201 199 199 119  55  63  58  71  95 194 196 196 196 190
 201 204 202 202 201 120  56  69  54  66 104 200 200 198 199 197
 202 205 205 205 204 121  56  91  57  68 112 200 204 204 202 201
 207 208 211 209 208 124  53  81  54  58 110 210 212 211 208 209
 210 210 211 210 212 187 172 172 196 193 161  97  98  96 116 119
 212 213 213 214 213 210 213 213 211 210 165  68  64  62  63  56
 214 213 215 215 213 213 214 213 212 212 163  71  60  59  59  57
 214 216 215 215 215 214 214 215 213 213 160  59  60  58  56  55
 211 214 212 212 215 214 215 215 213 214 157  54  60  59  56  55
 162 163 165 157 152 191 215 217 213 211 150  55  57  65  58  53
  60  67  69  70  61 161 217 216 216 211 146  56  55  64  70  50
  58  64  66  72  61 174 219 217 217 212 141  60  56  72  63  47
  58  60  64  65  59 178 217 219 218 214 141  62  54  72  63  51
  55  55  58  60  57 185 219 218 218 215 139  50  63  61  58  55
  56  55  65  59  59 189 223 214 205 208 142  52  65  63  72  56
 190 193 194 188 189 115  53  61  56  63  88 184 184 184 183 180
 194 198 198 196 194 118  55  63  59  72  95 190 193 196 193 186
 198 200 201 200 197 120  57  73  55  66 104 196 197 195 196 196
 199 202 202 203 201 120  57  95  59  68 111 197 201 199 198 197
 205 206 204 205 204 123  54  82  55  58 110 206 209 209 204 203
 206 206 207 206 208 184 169 168 193 191 160  97  97  95 115 115
 208 209 209 210 208 206 208 208 206 206 163  69  64  62  63  57
 208 208 211 212 208 211 210 210 208 207 160  71  62  60  61  62
 211 212 211 211 209 209 209 210 209 209 158  59  59  58  57  57
 207 211 211 213 209 210 210 211 208 207 154  53  57  60  57  55
 160 161 164 156 151 188 209 213 210 207 147  53  57  65  60  53
  60  64  68  71  61 159 210 210 212 207 143  55  55  64  71  52
  59  59  66  72  61 172 214 212 211 208 139  55  54  72  67  53
  59  59  64  65  60 177 214 213 211 208 140  62  54  72  64  53
  56  55  60  60  57 182 213 212 213 211 137  52  64  61  59  54
  56  56  66  60  58 187 219 210 201 203 140  51  65  61  71  56
 184 192 191 188 188 114  52  57  55  63  88 180 181 183 181 178
 192 194 194 195 192 118  55  62  58  69  94 190 193 193 191 185
 197 200 201 200 196 118  56  72  55  65 103 196 196 195 196 188
 198 201 201 203 200 120  56  94  59  68 111 195 198 198 197 197
 204 205 204 204 203 123  54  82  55  58 109 199 204 204 202 203
 206 205 207 206 208 184 169 168 193 189 158  94  94  94 115 115
 207 209 209 208 206 205 207 205 205 205 162  64  60  61  61  53
 208 208 210 209 207 208 209 209 207 206 160  69  60  58  56  49
 209 211 210 211 209 209 209 209 207 207 157  59  59  57  53  52
 206 206 206 205 207 209 209 206 206 207 154  53  55  58  56  53
 160 160 163 154 147 186 208 209 207 206 147  53  54  65  60  53
  60  64  67  70  59 158 210 210 208 204 143  55  54  64  71  51
  55  57  64  71  60 169 209 211 209 206 139  55  53  71  67  53
  55  57  63  64  58 173 209 210 209 208 140  62  53  71  62  51
  55  54  58  58  57 182 212 211 212 210 134  47  60  59  55  52
  55  55  64  57  57 187 217 210 201 202 138  52  65  61  69  53

 178 190 197 201 209 119  56  57  55  55  53  50  47  51  55  56
 184 196 199 202 208 116  63  59  56  56  58  70  63  63  58  72
 187 196 198 204 211  96  62  59  58  59  65  64  72  72  61  63
 187 196 200 204 212  98  64  60  60  60  57  55  56  54  63  65
 188 194 200 200 210  97  68  71  59  54  55  56  60  62  50  52
  88  95 104 112 110 161 165 163 160 157 150 146 141 141 139 142
  63  71  66  68  58 193 210 212 213 214 211 211 212 214 215 208
  55  58  54  57  54 196 211 212 213 213 213 216 217 218 218 205
  60  63  69  91  81 172 213 213 215 215 217 216 217 219 218 214
  53  55  56  56  53 172 213 214 214 215 215 217 219 217 219 223
 116 119 120 121 124 187 210 213 214 214 191 161 174 178 185 189
 193 199 201 204 208 212 213 213 215 215 152  61  61  59  57  59
 191 199 202 205 209 210 214 215 215 212 157  70  72  65  60  59
 197 201 202 205 211 211 213 215 215 212 165  69  66  64  58  65
 195 199 204 205 208 210 213 213 216 214 163  67  64  60  55  55
 188 195 201 202 207 210 212 214 214 211 162  60  58  58  55  56
 180 186 196 197 203 115  57  62  57  55  53  52  53  53  54  56
 183 193 196 198 204 115  63  61  57  57  60  71  67  64  59  71
 184 196 195 199 209  95  62  60  58  60  65  64  72  72  61  61
 184 193 197 201 209  97  64  62  59  57  57  55  54  54  64  65
 184 190 196 197 206  97  69  71  59  53  53  55  55  62  52  51
  88  95 104 111 110 160 163 160 158 154 147 143 139 140 137 140
  63  72  66  68  58 191 206 207 209 207 207 207 208 208 211 203
  56  59  55  59  55 193 206 208 209 208 210 212 211 211 213 201
  61  63  73  95  82 168 208 210 210 211 213 210 212 213 212 210
  53  55  57  57  54 169 208 210 209 210 209 210 214 214 213 219
 115 118 120 120 123 184 206 211 209 210 188 159 172 177 182 187
 189 194 197 201 204 208 208 208 209 209 151  61  61  60  57  58
 188 196 200 203 205 206 210 212 211 213 156  71  72  65  60  60
 194 198 201 202 204 207 209 211 211 211 164  68  66  64  60  66
 193 198 200 202 206 206 209 208 212 211 161  64  59  59  55  56
 190 194 198 199 205 206 208 208 211 207 160  60  59  59  56  56
 178 185 188 197 203 115  53  49  52  53  53  51  53  51  52  53
 181 191 196 197 202 115  61  56  53  56  60  71  67  62  55  69
 183 193 195 198 204  94  61  58  57  58  65  64  71  71  59  61
 181 193 196 198 204  94  60  60  59  55  54  54  53  53  60  65
 180 190 196 195 199  94  64  69  59  53  53  55  55  62  47  52
  88  94 103 111 109 158 162 160 157 154 147 143 139 140 134 138
  63  69  65  68  58 189 205 206 207 207 206 204 206 208 210 202
  55  58  55  59  55 193 205 207 207 206 207 208 209 209 212 201
  57  62  72  94  82 168 205 209 209 206 209 210 211 210 211 210
  52  55  56  56  54 169 207 209 209 209 208 210 209 209 212 217
 114 118 118 120 123 184 205 208 209 209 186 158 169 173 182 187
 188 192 196 200 203 208 206 207 209 207 147  59  60  58  57  57
 188 195 200 203 204 206 208 209 211 205 154  70  71  64  58  57
 191 194 201 201 204 207 209 210 210 206 163  67  64  63  58  64
 192 194 200 201 205 205 209 208 211 206 160  64  57  57  54  55
 184 192 197 198 204 206 207 208 209 206 160  60  55  55  55  55

  56  72  63  65  52 142 208 205 214 223 189  59  59  65  55  56
  55  58  61  63  50 139 215 218 218 219 185  57  60  58  55  55
  51  63  72  54  62 141 214 218 219 217 178  59  65  64  60  58
  47  63  72  56  60 141 212 217 217 219 174  61  72  66  64  58
  50  70  64  55  56 146 211 216 216 217 161  61  70  69  67  60
  53  58  65  57  55 150 211 213 217 215 191 152 157 165 163 162
  55  56  59  60  54 157 214 213 215 215 214 215 212 212 214 211
  55  56  58  60  59 160 213 213 215 214 214 215 215 215 216 214
  57  59  59  60  71 163 212 212 213 214 213 213 215 215 213 214
  56  63  62  64  68 165 210 211 213 213 210 213 214 213 213 212
 119 116  96  98  97 161 193 196 172 172 187 212 210 211 210 210
 209 208 211 212 210 110  58  54  81  53 124 208 209 211 208 207
 201 202 204 204 200 112  68  57  91  56 121 204 205 205 205 202
 197 199 198 200 200 104  66  54  69  56 120 201 202 202 204 201
 190 196 196 196 194  95  71  58  63  55 119 199 199 201 199 195
 178 184 187 187 188  88  63  55  60  53 116 193 191 197 195 188
  56  71  61  65  51 140 203 201 210 219 187  58  60  66  56  56
  54  59  61  64  52 137 211 213 212 213 182  57  60  60  55  56
  53  64  72  54  62 140 208 211 213 214 177  60  65  64  59  59
  53  67  72  54  55 139 208 211 212 214 172  61  72  66  59  59
  52  71  64  55  55 143 207 212 210 210 159  61  71  68  64  60
  53  60  65  57  53 147 207 210 213 209 188 151 156 164 161 160
  55  57  60  57  53 154 207 208 211 210 210 209 213 211 211 207
  57  57  58  59  59 158 209 209 210 209 209 209 211 211 212 211
  62  61  60  62  71 160 207 208 210 210 211 208 212 211 208 208
  57  63  62  64  69 163 206 206 208 208 206 208 210 209 209 208
 115 115  95  97  97 160 191 193 168 169 184 208 206 207 206 206
 203 204 209 209 206 110  58  55  82  54 123 204 205 204 206 205
 197 198 199 201 197 111  68  59  95  57 120 201 203 202 202 199
 196 196 195 197 196 104  66  55  73  57 120 197 200 201 200 198
 186 193 196 193 190  95  72  59  63  55 118 194 196 198 198 194
 180 183 184 184 184  88  63  56  61  53 115 189 188 194 193 190
  53  69  61  65  52 138 202 201 210 217 187  57  57  64  55  55
  52  55  59  60  47 134 210 212 211 212 182  57  58  58  54  55
  51  62  71  53  62 140 208 209 210 209 173  58  64  63  57  55
  53  67  71  53  55 139 206 209 211 209 169  60  71  64  57  55
  51  71  64  54  55 143 204 208 210 210 158  59  70  67  64  60
  53  60  65  54  53 147 206 207 209 208 186 147 154 163 160 160
  53  56  58  55  53 154 207 206 206 209 209 207 205 206 206 206
  52  53  57  59  59 157 207 207 209 209 209 209 211 210 211 209
  49  56  58  60  69 160 206 207 209 209 208 207 209 210 208 208
  53  61  61  60  64 162 205 205 205 207 205 206 208 209 209 207
 115 115  94  94  94 158 189 193 168 169 184 208 206 207 205 206
 203 202 204 204 199 109  58  55  82  54 123 203 204 204 205 204
 197 197 198 198 195 111  68  59  94  56 120 200 203 201 201 198
 188 196 195 196 196 103  65  55  72  56 118 196 200 201 200 197
 185 191 193 193 190  94  69  58  62  55 118 192 195 194 194 192
 178 181 183 181 180  88  63  55  57  52 114 188 188 191 192 184

  56  55  58  58  60 162 211 214 214 212 210 207 202 201 195 188
  55  55  60  64  67 163 214 216 213 213 210 208 205 204 199 195
  65  58  64  66  69 165 212 215 215 213 211 211 205 202 201 197
  59  60  65  72  70 157 212 215 215 214 210 209 205 202 199 191
  59  57  59  61  61 152 215 215 213 213 212 208 204 201 199 193
 189 185 178 174 161 191 214 214 213 210 187 124 121 120 119 116
 223 219 217 219 217 215 215 214 214 213 172  53  56  56  55  53
 214 218 219 217 216 217 215 215 213 213 172  81  91  69  63  60
 205 218 218 217 216 213 213 213 212 211 196  54  57  54  58  55
 208 215 214 212 211 211 214 213 212 210 193  58  68  66  71  63
 142 139 141 141 146 150 157 160 163 165 161 110 112 104  95  88
  52  50  62  60  56  55  54  59  71  68  97 210 200 200 194 188
  65  63  54  56  55  57  60  60  60  64  98 212 204 200 196 187
  63  61  72  72  64  65  59  58  59  62  96 211 204 198 196 187
  72  58  63  63  70  58  56  56  59  63 116 208 202 199 196 184
  56  55  51  47  50  53  55  55  57  56 119 209 201 197 190 178
  56  56  59  59  60 160 207 211 208 208 206 205 199 198 194 190
  56  55  59  59  64 161 211 212 208 209 206 206 202 200 198 193
  66  60  64  66  68 164 211 211 211 209 207 204 202 201 198 194
  60  60  65  72  71 156 213 211 212 210 206 205 203 200 196 188
  58  57  60  61  61 151 209 209 208 208 208 204 201 197 194 189
 187 182 177 172 159 188 210 209 211 206 184 123 120 120 118 115
 219 213 214 214 210 209 210 209 210 208 169  54  57  57  55  53
 210 212 213 212 210 213 211 210 210 208 168  82  95  73  63  61
 201 213 211 211 212 210 208 209 208 206 193  55  59  55  59  56
 203 211 208 208 207 207 207 209 207 206 191  58  68  66  72  63
 140 137 140 139 143 147 154 158 160 163 160 110 111 104  95  88
  51  52  62  55  55  53  53  59  71  69  97 206 197 196 190 184
  65  64  54  54  55  57  57  59  62  64  97 209 201 197 193 184
  61  61  72  72  64  65  60  58  60  62  95 209 199 195 196 184
  71  59  64  67  71  60  57  57  61  63 115 204 198 196 193 183
  56  54  53  53  52  53  55  57  62  57 115 203 197 196 186 180
  55  55  55  55  60 160 206 209 208 207 206 204 198 197 192 184
  55  54  57  57  64 160 206 211 208 209 205 205 201 200 194 192
  64  58  63  64  67 163 206 210 210 209 207 204 201 201 194 191
  57  58  64  71  70 154 205 211 209 208 206 204 203 200 195 188
  57  57  58  60  59 147 207 209 207 206 208 203 200 196 192 188
 187 182 173 169 158 186 209 209 208 205 184 123 120 118 118 114
 217 212 209 209 210 208 209 209 209 207 169  54  56  56  55  52
 210 211 210 211 210 209 206 209 209 205 168  82  94  72  62  57
 201 212 209 209 208 207 206 207 207 205 193  55  59  55  58  55
 202 210 208 206 204 206 207 207 206 205 189  58  68  65  69  63
 138 134 140 139 143 147 154 157 160 162 158 109 111 103  94  88
  52  47  62  55  55  53  53  59  69  64  94 199 195 196 190 180
  65  60  53  53  54  54  55  59  60  60  94 204 198 196 193 181
  61  59  71  71  64  65  58  57  58  61  94 204 198 195 193 183
  69  55  62  67  71  60  56  53  56  61 115 202 197 196 191 181
  53  52  51  53  51  53  53  52  49  53 115 203 197 188 185 178

