 173 174 172 176 169 176 177 165 173 173 104  40  42  36  40  39
 168 172 171 174 173 175 175 175 176 171 109  41  44  41  40  37
 167 173 175 178 178 174 173 174 176 173 108  49  53  43  39  40
 171 175 176 176 178 177 173 173 176 174 108  43  42  39  38  36
 173 175 175 175 177 176 176 175 176 174 110  42  42  39  40  42
 105 106  90  90  96 171 172 174 174 175 107  45  42  40  37  36
  37  39  38  40  57 159 169 173 173 174 114  48  47  43  39  38
  36  34  35  35  39 158 172 174 176 174 111  45  44  42  40  41
  36  34  35  35  47 165 174 173 174 175 121  48  46  43  42  39
  35  36  36  37  55 157 172 173 174 175 130  50  56  48  52  56
  97  82  83  94 101 165 171 173 174 174 128  49  45  43  48  48
 168 174 173 174 174 173 173 173 174 172 123  48  45  40  39  38
 171 172 174 176 176 175 175 174 174 175 128  42  44  41  40  38
 173 177 175 176 176 176 176 173 175 175 122  43  41  39  38  37
 172 174 171 175 175 175 176 169 175 176 116  46  39  40  39  39
 176 173 168 173 167 174 172 170 172 175 122  47  44  39  38  39
 173 177 179 179 172 174 176 168 174 173 105  42  43  39  40  39
 174 178 179 178 177 176 177 175 175 175 110  43  44  43  41  37
 176 177 178 178 178 176 176 175 175 174 108  49  54  45  40  40
 178 176 178 176 177 178 176 175 175 174 109  44  43  40  38  37
 172 175 175 175 176 175 175 175 176 174 110  44  42  39  40  44
 106 106  90  91  99 171 174 174 174 174 107  46  42  40  38  38
  39  41  40  40  62 162 174 174 174 174 114  48  47  44  39  38
  37  38  38  38  48 161 174 173 174 175 110  46  43  42  40  42
  36  36  38  38  52 168 173 173 174 175 120  48  46  43  42  41
  37  37  38  39  57 159 174 174 174 175 130  50  56  48  52  58
  99  83  88  94 102 168 174 174 174 175 127  49  45  44  50  49
 174 175 175 174 174 174 175 175 175 176 122  48  44  41  39  39
 176 176 176 176 176 175 174 175 175 175 127  44  45  41  41  39
 174 176 176 178 176 175 175 174 174 175 121  44  43  40  39  38
 173 175 175 178 175 175 175 175 174 175 116  46  42  40  39  41
 175 175 173 174 170 175 172 172 173 174 122  48  44  42  40  39
 173 176 178 178 172 174 176 167 173 173 104  41  43  38  40  38
 173 178 178 178 177 176 177 175 175 174 109  43  44  42  39  37
 175 177 178 178 178 175 176 175 175 174 108  48  53  43  38  39
 177 176 178 176 177 178 175 175 175 174 109  43  41  38  37  36
 172 174 175 175 176 175 176 174 174 174 110  43  42  38  38  43
 105 106  90  91  99 171 174 174 174 174 107  45  42  39  36  35
  38  41  39  40  61 161 174 174 174 174 114  47  47  43  38  36
  37  37  36  37  47 160 174 173 174 174 111  44  43  42  40  41
  36  35  36  36  52 167 173 173 174 175 121  48  45  43  41  41
  37  37  37  37  60 160 174 174 174 175 130  49  55  48  51  57
  99  83  87  94 103 168 174 174 174 174 126  47  44  43  48  48
 173 175 175 174 174 174 175 175 175 175 121  47  43  40  38  37
 175 175 176 176 176 175 174 175 175 174 126  43  43  40  40  38
 174 176 176 177 176 175 175 174 174 174 121  43  42  39  38  36
 173 175 175 177 175 175 175 175 174 175 116  46  42  40  39  39
 175 174 173 174 170 175 172 172 173 174 122  47  43  41  39  37

  39  37  40  36  42  36  38  41  39  56  48  38  38  37  39  39
  40  40  39  38  40  37  39  40  42  52  48  39  40  38  39  38
  36  41  43  39  39  40  43  42  43  48  43  40  41  39  40  39
  42  44  53  42  42  42  47  44  46  56  45  45  44  41  39  44
  40  41  49  43  42  45  48  45  48  50  49  48  42  43  46  47
 104 109 108 108 110 107 114 111 121 130 128 123 128 122 116 122
 173 171 173 174 174 175 174 174 175 175 174 172 175 175 176 175
 173 176 176 176 176 174 173 176 174 174 174 174 174 175 175 172
 165 175 174 173 175 174 173 174 173 173 173 173 174 173 169 170
 177 175 173 173 176 172 169 172 174 172 171 173 175 176 176 172
 176 175 174 177 176 171 159 158 165 157 165 173 175 176 175 174
 169 173 178 178 177  96  57  39  47  55 101 174 176 176 175 167
 176 174 178 176 175  90  40  35  35  37  94 174 176 176 175 173
 172 171 175 176 175  90  38  35  35  36  83 173 174 175 171 168
 174 172 173 175 175 106  39  34  34  36  82 174 172 177 174 173
 173 168 167 171 173 105  37  36  36  35  97 168 171 173 172 176
  39  37  40  37  44  38  38  42  41  58  49  39  39  38  41  39
  40  41  40  38  40  38  39  40  42  52  50  39  41  39  39  40
  39  43  45  40  39  40  44  42  43  48  44  41  41  40  40  42
  43  44  54  43  42  42  47  43  46  56  45  44  45  43  42  44
  42  43  49  44  44  46  48  46  48  50  49  48  44  44  46  48
 105 110 108 109 110 107 114 110 120 130 127 122 127 121 116 122
 173 175 174 174 174 174 174 175 175 175 175 176 175 175 175 174
 174 175 175 175 176 174 174 174 174 174 174 175 175 174 174 173
 168 175 175 175 175 174 174 173 173 174 174 175 175 174 175 172
 176 177 176 176 175 174 174 174 173 174 174 175 174 175 175 172
 174 176 176 178 175 171 162 161 168 159 168 174 175 175 175 175
 172 177 178 177 176  99  62  48  52  57 102 174 176 176 175 170
 179 178 178 176 175  91  40  38  38  39  94 174 176 178 178 174
 179 179 178 178 175  90  40  38  38  38  88 175 176 176 175 173
 177 178 177 176 175 106  41  38  36  37  83 175 176 176 175 175
 173 174 176 178 172 106  39  37  36  37  99 174 176 174 173 175
  38  37  39  36  43  35  36  41  41  57  48  37  38  36  39  37
  40  39  38  37  38  36  38  40  41  51  48  38  40  38  39  39
  38  42  43  38  38  39  43  42  43  48  43  40  40  39  40  41
  43  44  53  41  42  42  47  43  45  55  44  43  43  42  42  43
  41  43  48  43  43  45  47  44  48  49  47  47  43  43  46  47
 104 109 108 109 110 107 114 111 121 130 126 121 126 121 116 122
 173 174 174 174 174 174 174 174 175 175 174 175 174 174 175 174
 173 175 175 175 174 174 174 174 174 174 174 175 175 174 174 173
 167 175 175 175 174 174 174 173 173 174 174 175 175 174 175 172
 176 177 176 175 176 174 174 174 173 174 174 175 174 175 175 172
 174 176 175 178 175 171 161 160 167 160 168 174 175 175 175 175
 172 177 178 177 176  99  61  47  52  60 103 174 176 176 175 170
 178 178 178 176 175  91  40  37  36  37  94 174 176 177 177 174
 178 178 178 178 175  90  39  36  36  37  87 175 176 176 175 173
 176 178 177 176 174 106  41  37  35  37  83 175 175 176 175 174
 173 173 175 177 172 105  38  37  36  37  99 173 175 174 173 175

  39  38  39  44  47 122 175 172 170 172 174 167 173 168 173 176
  39  39  40  39  46 116 176 175 169 176 175 175 175 171 174 172
  37  38  39  41  43 122 175 175 173 176 176 176 176 175 177 173
  38  40  41  44  42 128 175 174 174 175 175 176 176 174 172 171
  38  39  40  45  48 123 172 174 173 173 173 174 174 173 174 168
  48  48  43  45  49 128 174 174 173 171 165 101  94  83  82  97
  56  52  48  56  50 130 175 174 173 172 157  55  37  36  36  35
  39  42  43  46  48 121 175 174 173 174 165  47  35  35  34  36
  41  40  42  44  45 111 174 176 174 172 158  39  35  35  34  36
  38  39  43  47  48 114 174 173 173 169 159  57  40  38  39  37
  36  37  40  42  45 107 175 174 174 172 171  96  90  90 106 105
  42  40  39  42  42 110 174 176 175 176 176 177 175 175 175 173
  36  38  39  42  43 108 174 176 173 173 177 178 176 176 175 171
  40  39  43  53  49 108 173 176 174 173 174 178 178 175 173 167
  37  40  41  44  41 109 171 176 175 175 175 173 174 171 172 168
  39  40  36  42  40 104 173 173 165 177 176 169 176 172 174 173
  39  40  42  44  48 122 174 173 172 172 175 170 174 173 175 175
  41  39  40  42  46 116 175 174 175 175 175 175 178 175 175 173
  38  39  40  43  44 121 175 174 174 175 175 176 178 176 176 174
  39  41  41  45  44 127 175 175 175 174 175 176 176 176 176 176
  39  39  41  44  48 122 176 175 175 175 174 174 174 175 175 174
  49  50  44  45  49 127 175 174 174 174 168 102  94  88  83  99
  58  52  48  56  50 130 175 174 174 174 159  57  39  38  37  37
  41  42  43  46  48 120 175 174 173 173 168  52  38  38  36  36
  42  40  42  43  46 110 175 174 173 174 161  48  38  38  38  37
  38  39  44  47  48 114 174 174 174 174 162  62  40  40  41  39
  38  38  40  42  46 107 174 174 174 174 171  99  91  90 106 106
  44  40  39  42  44 110 174 176 175 175 175 176 175 175 175 172
  37  38  40  43  44 109 174 175 175 176 178 177 176 178 176 178
  40  40  45  54  49 108 174 175 175 176 176 178 178 178 177 176
  37  41  43  44  43 110 175 175 175 177 176 177 178 179 178 174
  39  40  39  43  42 105 173 174 168 176 174 172 179 179 177 173
  37  39  41  43  47 122 174 173 172 172 175 170 174 173 174 175
  39  39  40  42  46 116 175 174 175 175 175 175 177 175 175 173
  36  38  39  42  43 121 174 174 174 175 175 176 177 176 176 174
  38  40  40  43  43 126 174 175 175 174 175 176 176 176 175 175
  37  38  40  43  47 121 175 175 175 175 174 174 174 175 175 173
  48  48  43  44  47 126 174 174 174 174 168 103  94  87  83  99
  57  51  48  55  49 130 175 174 174 174 160  60  37  37  37  37
  41  41  43  45  48 121 175 174 173 173 167  52  36  36  35  36
  41  40  42  43  44 111 174 174 173 174 160  47  37  36  37  37
  36  38  43  47  47 114 174 174 174 174 161  61  40  39  41  38
  35  36  39  42  45 107 174 174 174 174 171  99  91  90 106 105
  43  38  38  42  43 110 174 174 174 176 175 176 175 175 174 172
  36  37  38  41  43 109 174 175 175 175 178 177 176 178 176 177
  39  38  43  53  48 108 174 175 175 176 175 178 178 178 177 175
  37  39  42  44  43 109 174 175 175 177 176 177 178 178 178 173
  38  40  38  43  41 104 173 173 167 176 174 172 178 178 176 173

 176 172 173 171 168  97  35  36  36  37 105 173 171 167 168 173
 173 174 177 172 174  82  36  34  34  39 106 175 175 173 172 174
 168 171 175 174 173  83  36  35  35  38  90 175 176 175 171 172
 173 175 176 176 174  94  37  35  35  40  90 175 176 178 174 176
 167 175 176 176 174 101  55  47  39  57  96 177 178 178 173 169
 174 175 176 175 173 165 157 165 158 159 171 176 177 174 175 176
 172 176 176 175 173 171 172 174 172 169 172 176 173 173 175 177
 170 169 173 174 173 173 173 173 174 173 174 175 173 174 175 165
 172 175 175 174 174 174 174 174 176 173 174 176 176 176 176 173
 175 176 175 175 172 174 175 175 174 174 175 174 174 173 171 173
 122 116 122 128 123 128 130 121 111 114 107 110 108 108 109 104
  47  46  43  42  48  49  50  48  45  48  45  42  43  49  41  40
  44  39  41  44  45  45  56  46  44  47  42  42  42  53  44  42
  39  40  39  41  40  43  48  43  42  43  40  39  39  43  41  36
  38  39  38  40  39  48  52  42  40  39  37  40  38  39  40  40
  39  39  37  38  38  48  56  39  41  38  36  42  36  40  37  39
 175 173 174 176 174  99  37  36  37  39 106 172 178 176 174 173
 175 175 176 176 175  83  37  36  38  41 106 175 176 177 178 177
 173 175 176 176 175  88  38  38  38  40  90 175 178 178 179 179
 174 178 178 176 174  94  39  38  38  40  91 175 176 178 178 179
 170 175 176 176 174 102  57  52  48  62  99 176 177 178 177 172
 175 175 175 175 174 168 159 168 161 162 171 175 178 176 176 174
 172 175 175 174 175 174 174 173 174 174 174 175 176 176 177 176
 172 175 174 175 175 174 174 173 173 174 174 175 175 175 175 168
 173 174 174 175 175 174 174 174 174 174 174 176 175 175 175 174
 174 175 175 175 176 175 175 175 175 174 174 174 174 174 175 173
 122 116 121 127 122 127 130 120 110 114 107 110 109 108 110 105
  48  46  44  44  48  49  50  48  46  48  46  44  44  49  43  42
  44  42  43  45  44  45  56  46  43  47  42  42  43  54  44  43
  42  40  40  41  41  44  48  43  42  44  40  39  40  45  43  39
  40  39  39  41  39  50  52  42  40  39  38  40  38  40  41  40
  39  41  38  39  39  49  58  41  42  38  38  44  37  40  37  39
 175 173 174 175 173  99  37  36  37  38 105 172 177 175 173 173
 174 175 176 175 175  83  37  35  37  41 106 174 176 177 178 176
 173 175 176 176 175  87  37  36  36  39  90 175 178 178 178 178
 174 177 177 176 174  94  37  36  37  40  91 175 176 178 178 178
 170 175 176 176 174 103  60  52  47  61  99 176 177 178 177 172
 175 175 175 175 174 168 160 167 160 161 171 175 178 175 176 174
 172 175 175 174 175 174 174 173 174 174 174 176 175 176 177 176
 172 175 174 175 175 174 174 173 173 174 174 174 175 175 175 167
 173 174 174 175 175 174 174 174 174 174 174 174 175 175 175 173
 174 175 174 174 175 174 175 175 174 174 174 174 174 174 174 173
 122 116 121 126 121 126 130 121 111 114 107 110 109 108 109 104
  47  46  43  43  47  47  49  48  44  47  45  43  43  48  43  41
  43  42  42  43  43  44  55  45  43  47  42  42  41  53  44  43
  41  40  39  40  40  43  48  43  42  43  39  38  38  43  42  38
  39  39  38  40  38  48  51  41  40  38  36  38  37  38  39  40
  37  39  36  38  37  48  57  41  41  36  35  43  36  39  37  38

