 158 161 161 160 160  80  30  31  30  31  76 163 162 162 162 164
 156 164 167 166 164  76  29  29  31  30  82 165 166 166 166 166
 164 167 167 166 166  79  30  31  30  30  76 167 167 166 166 167
 161 168 166 167 165  77  30  31  30  31  82 167 168 167 166 167
 165 168 168 167 167  73  30  31  31  31  87 166 168 168 166 165
 167 168 167 168 167  84  30  31  31  32  75 168 165 167 166 166
 167 168 167 168 167  79  32  31  32  32  77 165 165 166 168 170
 166 168 168 169 167  78  32  32  32  32  84 165 166 166 166 165
 165 166 166 166 165  87  32  33  32  33  80 166 167 164 164 166
 165 165 165 166 164  80  34  34  35  33  83 168 166 168 166 163
 106 102  95 109 110 105 106  96 104 113 115 110 115 114 108 100
  38  38  39  40  38 122 165 166 167 167 131  39  42  43  42  37
  36  37  39  39  38 127 169 169 169 169 134  39  40  38  38  38
  36  37  38  38  37 122 169 170 171 170 140  37  38  39  38  36
  36  34  37  39  38 116 169 170 169 170 135  36  38  38  35  35
  37  37  38  38  37 120 167 165 160 162 131  36  36  36  34  34
 158 161 161 160 159  80  32  32  32  30  76 161 160 162 162 163
 156 162 165 164 162  77  33  31  32  30  82 164 165 166 164 165
 164 165 165 166 165  79  31  31  31  31  75 166 166 166 166 166
 161 167 166 166 163  78  30  31  31  30  81 166 166 165 164 166
 164 166 166 166 165  74  31  31  31  31  86 164 166 166 164 164
 166 165 165 166 167  85  31  32  32  32  75 164 164 165 165 167
 167 166 165 166 164  80  32  32  32  32  77 163 164 164 165 168
 164 164 165 165 163  78  32  32  32  32  84 162 164 163 163 163
 162 163 164 164 163  88  32  33  32  32  78 164 164 162 162 164
 163 162 162 162 160  79  32  36  36  34  82 165 164 164 163 161
 107 103  95 108 108 105 108 101 105 114 115 109 113 112 106 100
  39  38  40  40  39 123 164 164 163 164 132  38  39  39  42  39
  37  38  39  39  39 128 167 165 166 165 132  37  39  39  38  39
  37  38  37  37  37 122 168 167 167 167 139  37  39  39  39  37
  38  35  37  36  38 116 167 165 165 166 133  36  39  37  36  36
  38  36  36  37  37 118 165 163 158 160 131  37  37  36  35  35
 156 160 160 159 158  79  29  29  28  29  75 161 160 161 161 163
 154 161 164 164 161  77  30  29  29  29  81 163 164 165 164 165
 163 165 165 165 164  79  30  29  28  29  74 162 165 164 164 163
 158 165 165 165 163  76  29  29  28  29  80 163 165 165 164 166
 163 165 164 164 164  73  30  29  29  29  86 163 164 164 163 164
 165 165 165 165 162  84  30  30  30  31  74 163 163 164 163 161
 164 164 164 164 163  78  29  30  31  31  76 162 164 163 163 163
 161 164 164 164 163  77  30  31  31  31  82 161 163 162 162 161
 161 161 163 164 162  87  31  32  30  31  76 159 163 161 161 161
 161 161 162 162 160  78  31  32  32  31  80 158 162 163 163 161
 105 100  93 107 107 104 105  98 103 110 112 108 113 111 106 100
  37  37  39  39  37 119 159 159 162 162 129  37  37  36  40  37
  33  34  37  36  36 122 162 164 165 164 131  37  37  36  37  36
  34  34  34  34  35 117 161 164 165 164 137  35  35  36  34  33
  33  31  33  33  35 112 161 163 164 164 132  34  35  33  32  33
  34  34  34  35  35 116 163 161 157 156 128  35  34  34  32  31

 164 166 167 167 165 166 170 165 166 163 100  37  38  36  35  34
 162 166 166 166 166 166 168 166 164 166 108  42  38  38  35  34
 162 166 166 167 168 167 166 166 164 168 114  43  38  39  38  36
 162 166 167 168 168 165 165 166 167 166 115  42  40  38  38  36
 163 165 167 167 166 168 165 165 166 168 110  39  39  37  36  36
  76  82  76  82  87  75  77  84  80  83 115 131 134 140 135 131
  31  30  30  31  31  32  32  32  33  33 113 167 169 170 170 162
  30  31  30  30  31  31  32  32  32  35 104 167 169 171 169 160
  31  29  31  31  31  31  31  32  33  34  96 166 169 170 170 165
  30  29  30  30  30  30  32  32  32  34 106 165 169 169 169 167
  80  76  79  77  73  84  79  78  87  80 105 122 127 122 116 120
 160 164 166 165 167 167 167 167 165 164 110  38  38  37  38  37
 160 166 166 167 167 168 168 169 166 166 109  40  39  38  39  38
 161 167 167 166 168 167 167 168 166 165  95  39  39  38  37  38
 161 164 167 168 168 168 168 168 166 165 102  38  37  37  34  37
 158 156 164 161 165 167 167 166 165 165 106  38  36  36  36  37
 163 165 166 166 164 167 168 163 164 161 100  39  39  37  36  35
 162 164 166 164 164 165 165 163 162 163 106  42  38  39  36  35
 162 166 166 165 166 165 164 163 162 164 112  39  39  39  37  36
 160 165 166 166 166 164 164 164 164 164 113  39  39  39  39  37
 161 164 166 166 164 164 163 162 164 165 109  38  37  37  36  37
  76  82  75  81  86  75  77  84  78  82 115 132 132 139 133 131
  30  30  31  30  31  32  32  32  32  34 114 164 165 167 166 160
  32  32  31  31  31  32  32  32  32  36 105 163 166 167 165 158
  32  31  31  31  31  32  32  32  33  36 101 164 165 167 165 163
  32  33  31  30  31  31  32  32  32  32 108 164 167 168 167 165
  80  77  79  78  74  85  80  78  88  79 105 123 128 122 116 118
 159 162 165 163 165 167 164 163 163 160 108  39  39  37  38  37
 160 164 166 166 166 166 166 165 164 162 108  40  39  37  36  37
 161 165 165 166 166 165 165 165 164 162  95  40  39  37  37  36
 161 162 165 167 166 165 166 164 163 162 103  38  38  38  35  36
 158 156 164 161 164 166 167 164 162 163 107  39  37  37  38  38
 163 165 163 166 164 161 163 161 161 161 100  37  36  33  33  31
 161 164 164 164 163 163 163 162 161 163 106  40  37  34  32  32
 161 165 164 165 164 164 163 162 161 163 111  36  36  36  33  34
 160 164 165 165 164 163 164 163 163 162 113  37  37  35  35  34
 161 163 162 163 163 163 162 161 159 158 108  37  37  35  34  35
  75  81  74  80  86  74  76  82  76  80 112 129 131 137 132 128
  29  29  29  29  29  31  31  31  31  31 110 162 164 164 164 156
  28  29  28  28  29  30  31  31  30  32 103 162 165 165 164 157
  29  29  29  29  29  30  30  31  32  32  98 159 164 164 163 161
  29  30  30  29  30  30  29  30  31  31 105 159 162 161 161 163
  79  77  79  76  73  84  78  77  87  78 104 119 122 117 112 116
 158 161 164 163 164 162 163 163 162 160 107  37  36  35  35  35
 159 164 165 165 164 165 164 164 164 162 107  39  36  34  33  35
 160 164 165 165 164 165 164 164 163 162  93  39  37  34  33  34
 160 161 165 165 165 165 164 164 161 161 100  37  34  34  31  34
 156 154 163 158 163 165 164 161 161 161 105  37  33  34  33  34

  34  34  36  36  36 131 162 160 165 167 120  37  38  38  37  37
  35  35  38  38  36 135 170 169 170 169 116  38  39  37  34  36
  36  38  39  38  37 140 170 171 170 169 122  37  38  38  37  36
  38  38  38  40  39 134 169 169 169 169 127  38  39  39  37  36
  37  42  43  42  39 131 167 167 166 165 122  38  40  39  38  38
 100 108 114 115 110 115 113 104  96 106 105 110 109  95 102 106
 163 166 168 166 168  83  33  35  34  34  80 164 166 165 165 165
 166 164 164 167 166  80  33  32  33  32  87 165 166 166 166 165
 165 166 166 166 165  84  32  32  32  32  78 167 169 168 168 166
 170 168 166 165 165  77  32  32  31  32  79 167 168 167 168 167
 166 166 167 165 168  75  32  31  31  30  84 167 168 167 168 167
 165 166 168 168 166  87  31  31  31  30  73 167 167 168 168 165
 167 166 167 168 167  82  31  30  31  30  77 165 167 166 168 161
 167 166 166 167 167  76  30  30  31  30  79 166 166 167 167 164
 166 166 166 166 165  82  30  31  29  29  76 164 166 167 164 156
 164 162 162 162 163  76  31  30  31  30  80 160 160 161 161 158
  35  35  36  37  37 131 160 158 163 165 118  37  37  36  36  38
  36  36  37  39  36 133 166 165 165 167 116  38  36  37  35  38
  37  39  39  39  37 139 167 167 167 168 122  37  37  37  38  37
  39  38  39  39  37 132 165 166 165 167 128  39  39  39  38  37
  39  42  39  39  38 132 164 163 164 164 123  39  40  40  38  39
 100 106 112 113 109 115 114 105 101 108 105 108 108  95 103 107
 161 163 164 164 165  82  34  36  36  32  79 160 162 162 162 163
 164 162 162 164 164  78  32  32  33  32  88 163 164 164 163 162
 163 163 163 164 162  84  32  32  32  32  78 163 165 165 164 164
 168 165 164 164 163  77  32  32  32  32  80 164 166 165 166 167
 167 165 165 164 164  75  32  32  32  31  85 167 166 165 165 166
 164 164 166 166 164  86  31  31  31  31  74 165 166 166 166 164
 166 164 165 166 166  81  30  31  31  30  78 163 166 166 167 161
 166 166 166 166 166  75  31  31  31  31  79 165 166 165 165 164
 165 164 166 165 164  82  30  32  31  33  77 162 164 165 162 156
 163 162 162 160 161  76  30  32  32  32  80 159 160 161 161 158
  31  32  34  34  35 128 156 157 161 163 116  35  35  34  34  34
  33  32  33  35  34 132 164 164 163 161 112  35  33  33  31  33
  33  34  36  35  35 137 164 165 164 161 117  35  34  34  34  34
  36  37  36  37  37 131 164 165 164 162 122  36  36  37  34  33
  37  40  36  37  37 129 162 162 159 159 119  37  39  39  37  37
 100 106 111 113 108 112 110 103  98 105 104 107 107  93 100 105
 161 163 163 162 158  80  31  32  32  31  78 160 162 162 161 161
 161 161 161 163 159  76  31  30  32  31  87 162 164 163 161 161
 161 162 162 163 161  82  31  31  31  30  77 163 164 164 164 161
 163 163 163 164 162  76  31  31  30  29  78 163 164 164 164 164
 161 163 164 163 163  74  31  30  30  30  84 162 165 165 165 165
 164 163 164 164 163  86  29  29  29  30  73 164 164 164 165 163
 166 164 165 165 163  80  29  28  29  29  76 163 165 165 165 158
 163 164 164 165 162  74  29  28  29  30  79 164 165 165 165 163
 165 164 165 164 163  81  29  29  29  30  77 161 164 164 161 154
 163 161 161 160 161  75  29  28  29  29  79 158 159 160 160 156

  37  36  36  36  38 106 165 165 166 167 167 165 161 164 156 158
  37  34  37  37  38 102 165 166 168 168 168 168 168 167 164 161
  38  37  38  39  39  95 165 166 168 167 167 168 166 167 167 161
  38  39  38  39  40 109 166 166 169 168 168 167 167 166 166 160
  37  38  37  38  38 110 164 165 167 167 167 167 165 166 164 160
 120 116 122 127 122 105  80  87  78  79  84  73  77  79  76  80
 167 169 169 169 165 106  34  32  32  32  30  30  30  30  29  30
 165 170 170 169 166  96  34  33  32  31  31  31  31  31  29  31
 160 169 171 169 167 104  35  32  32  32  31  31  30  30  31  30
 162 170 170 169 167 113  33  33  32  32  32  31  31  30  30  31
 131 135 140 134 131 115  83  80  84  77  75  87  82  76  82  76
  36  36  37  39  39 110 168 166 165 165 168 166 167 167 165 163
  36  38  38  40  42 115 166 167 166 165 165 168 168 167 166 162
  36  38  39  38  43 114 168 164 166 166 167 168 167 166 166 162
  34  35  38  38  42 108 166 164 166 168 166 166 166 166 166 162
  34  35  36  38  37 100 163 166 165 170 166 165 167 167 166 164
  38  38  37  37  39 107 163 162 164 167 166 164 161 164 156 158
  36  35  38  38  38 103 162 163 164 166 165 166 167 165 162 161
  36  37  37  39  40  95 162 164 165 165 165 166 166 165 165 161
  37  36  37  39  40 108 162 164 165 166 166 166 166 166 164 160
  37  38  37  39  39 108 160 163 163 164 167 165 163 165 162 159
 118 116 122 128 123 105  79  88  78  80  85  74  78  79  77  80
 165 167 168 167 164 108  32  32  32  32  31  31  30  31  33  32
 163 165 167 165 164 101  36  33  32  32  32  31  31  31  31  32
 158 165 167 166 163 105  36  32  32  32  32  31  31  31  32  32
 160 166 167 165 164 114  34  32  32  32  32  31  30  31  30  30
 131 133 139 132 132 115  82  78  84  77  75  86  81  75  82  76
  37  36  37  37  38 109 165 164 162 163 164 164 166 166 164 161
  37  39  39  39  39 113 164 164 164 164 164 166 166 166 165 160
  36  37  39  39  39 112 164 162 163 164 165 166 165 166 166 162
  35  36  39  38  42 106 163 162 163 165 165 164 164 166 164 162
  35  36  37  39  39 100 161 164 163 168 167 164 166 166 165 163
  34  33  34  33  37 105 161 161 161 164 165 163 158 163 154 156
  34  31  34  34  37 100 161 161 164 164 165 165 165 165 161 160
  34  33  34  37  39  93 162 163 164 164 165 164 165 165 164 160
  35  33  34  36  39 107 162 164 164 164 165 164 165 165 164 159
  35  35  35  36  37 107 160 162 163 163 162 164 163 164 161 158
 116 112 117 122 119 104  78  87  77  78  84  73  76  79  77  79
 163 161 161 162 159 105  31  31  30  29  30  30  29  30  30  29
 161 163 164 164 159  98  32  32  31  30  30  29  29  29  29  29
 157 164 165 165 162 103  32  30  31  31  30  29  28  28  29  28
 156 164 164 164 162 110  31  31  31  31  31  29  29  29  29  29
 128 132 137 131 129 112  80  76  82  76  74  86  80  74  81  75
  35  34  35  37  37 108 158 159 161 162 163 163 163 162 163 161
  34  35  35  37  37 113 162 163 163 164 163 164 165 165 164 160
  34  33  36  36  36 111 163 161 162 163 164 164 165 164 165 161
  32  32  34  37  40 106 163 161 162 163 163 163 164 164 164 161
  31  33  33  36  37 100 161 161 161 163 161 164 166 163 165 163

