 182 192 191 192 190  95  52  68  59  55 102 194 195 194 194 193
 187 195 195 193 192 108  52  64  58  53 111 193 195 196 196 193
 191 195 195 194 193 108  50  51  52  53 122 195 193 192 193 191
 180 196 197 196 194  99  51  50  50  51 112 196 197 196 193 194
 187 197 197 196 195 108  64  69  59  57 122 197 198 199 196 197
 194 197 197 198 197 193 188 178 179 188 192 199 198 197 199 198
 183 197 197 197 200 197 199 199 198 198 198 200 199 197 198 197
 195 201 199 199 198 200 201 200 200 202 201 200 199 198 200 196
 199 201 199 198 198 198 198 199 201 201 202 200 201 200 200 197
 199 199 198 201 201 201 200 199 200 200 201 201 200 200 199 199
 129 127 117 128 136 165 199 200 198 200 178 135 140 131 122 122
  53  55  51  63  69 153 201 202 203 202 160  57  58  60  54  59
  48  50  50  58  70 163 203 203 204 200 144  46  55  67  51  64
  59  49  53  56  59 140 197 201 200 198 150  48  57  68  48  63
  55  48  53  49  52 147 198 198 199 198 165  45  57  54  48  54
  47  48  68  48  50 146 188 195 186 184 149  46  58  54  48  59
 181 191 190 188 189  96  53  68  59  55 102 192 192 187 188 189
 186 193 192 190 189 107  52  64  58  53 111 190 192 192 192 188
 188 191 192 190 189 107  50  51  52  52 122 195 193 192 192 190
 177 190 191 191 190  97  51  50  51  52 110 192 193 194 191 190
 185 192 191 192 192 109  67  74  64  59 120 193 192 192 194 190
 190 193 191 191 193 190 184 177 178 185 188 193 195 194 195 195
 180 192 192 192 193 192 195 194 193 195 195 196 196 195 196 195
 190 194 192 195 194 195 195 194 195 198 196 197 198 195 197 193
 193 195 194 195 196 195 195 195 196 197 198 195 198 196 197 192
 192 193 191 195 197 194 193 195 198 199 199 197 196 196 196 194
 128 124 114 125 132 160 194 195 194 195 173 131 137 130 120 121
  54  56  51  63  69 148 193 195 194 195 159  58  58  60  54  59
  48  50  51  58  70 159 194 194 194 195 142  48  57  68  51  64
  60  49  54  58  59 138 192 195 194 194 149  49  58  68  49  63
  56  49  53  49  51 143 191 193 192 193 162  45  57  55  50  55
  47  46  68  48  51 144 184 189 180 178 147  47  59  55  49  60
 177 182 183 187 185  94  50  66  58  55 100 188 190 188 188 186
 184 187 189 190 189 107  51  62  57  53 111 189 189 190 191 187
 188 190 191 190 188 106  49  51  51  51 120 189 190 190 192 189
 174 190 190 190 189  95  51  49  48  48 108 190 192 192 190 189
 182 190 191 190 189 108  65  72  63  59 119 191 192 192 190 187
 190 192 191 189 189 187 183 176 175 180 185 191 192 190 190 190
 179 192 191 192 193 191 192 191 192 191 192 192 190 188 190 192
 186 190 192 193 191 191 193 192 190 191 191 191 187 190 191 190
 189 192 194 193 192 190 192 193 191 188 190 191 189 190 190 187
 189 191 191 193 191 189 194 193 192 191 191 189 187 189 191 191
 123 122 113 121 129 160 193 194 193 195 173 129 133 127 119 120
  51  52  50  62  69 147 192 195 194 193 157  55  55  59  53  58
  47  48  48  57  70 154 191 194 194 190 139  45  51  65  49  62
  57  48  50  55  59 135 188 191 189 186 143  46  54  66  46  60
  53  45  52  48  51 141 188 186 186 189 160  45  57  50  43  52
  45  44  66  47  49 143 181 184 179 177 143  45  54  53  46  57

 193 193 191 194 197 198 197 196 197 199 122  59  64  63  54  59
 194 196 193 193 196 199 198 200 200 199 122  54  51  48  48  48
 194 196 192 196 199 197 197 198 200 200 131  60  67  68  54  54
 195 195 193 197 198 198 199 199 201 200 140  58  55  57  57  58
 194 193 195 196 197 199 200 200 200 201 135  57  46  48  45  46
 102 111 122 112 122 192 198 201 202 201 178 160 144 150 165 149
  55  53  53  51  57 188 198 202 201 200 200 202 200 198 198 184
  59  58  52  50  59 179 198 200 201 200 198 203 204 200 199 186
  68  64  51  50  69 178 199 200 199 199 200 202 203 201 198 195
  52  52  50  51  64 188 199 201 198 200 199 201 203 197 198 188
  95 108 108  99 108 193 197 200 198 201 165 153 163 140 147 146
 190 192 193 194 195 197 200 198 198 201 136  69  70  59  52  50
 192 193 194 196 196 198 197 199 198 201 128  63  58  56  49  48
 191 195 195 197 197 197 197 199 199 198 117  51  50  53  53  68
 192 195 195 196 197 197 197 201 201 199 127  55  50  49  48  48
 182 187 191 180 187 194 183 195 199 199 129  53  48  59  55  47
 189 188 190 190 190 195 195 193 192 194 121  59  64  63  55  60
 188 192 192 191 194 195 196 197 197 196 120  54  51  49  50  49
 187 192 192 194 192 194 195 195 196 196 130  60  68  68  55  55
 192 192 193 193 192 195 196 198 198 196 137  58  57  58  57  59
 192 190 195 192 193 193 196 197 195 197 131  58  48  49  45  47
 102 111 122 110 120 188 195 196 198 199 173 159 142 149 162 147
  55  53  52  52  59 185 195 198 197 199 195 195 195 194 193 178
  59  58  52  51  64 178 193 195 196 198 194 194 194 194 192 180
  68  64  51  50  74 177 194 194 195 195 195 195 194 195 193 189
  53  52  50  51  67 184 195 195 195 193 194 193 194 192 191 184
  96 107 107  97 109 190 192 195 195 194 160 148 159 138 143 144
 189 189 189 190 192 193 193 194 196 197 132  69  70  59  51  51
 188 190 190 191 192 191 192 195 195 195 125  63  58  58  49  48
 190 192 192 191 191 191 192 192 194 191 114  51  51  54  53  68
 191 193 191 190 192 193 192 194 195 193 124  56  50  49  49  46
 181 186 188 177 185 190 180 190 193 192 128  54  48  60  56  47
 186 187 189 189 187 190 192 190 187 191 120  58  62  60  52  57
 188 191 192 190 190 190 190 191 190 191 119  53  49  46  43  46
 188 190 190 192 192 190 188 190 190 189 127  59  65  66  50  53
 190 189 190 192 192 192 190 187 189 187 133  55  51  54  57  54
 188 189 189 190 191 191 192 191 191 189 129  55  45  46  45  45
 100 111 120 108 119 185 192 191 190 191 173 157 139 143 160 143
  55  53  51  48  59 180 191 191 188 191 195 193 190 186 189 177
  58  57  51  48  63 175 192 190 191 192 193 194 194 189 186 179
  66  62  51  49  72 176 191 192 193 193 194 195 194 191 186 184
  50  51  49  51  65 183 192 193 192 194 193 192 191 188 188 181
  94 107 106  95 108 187 191 191 190 189 160 147 154 135 141 143
 185 189 188 189 189 189 193 191 192 191 129  69  70  59  51  49
 187 190 190 190 190 189 192 193 193 193 121  62  57  55  48  47
 183 189 191 190 191 191 191 192 194 191 113  50  48  50  52  66
 182 187 190 190 190 192 192 190 192 191 122  52  48  48  45  44
 177 184 188 174 182 190 179 186 189 189 123  51  47  57  53  45

  59  48  54  58  46 149 184 186 195 188 146  50  48  68  48  47
  54  48  54  57  45 165 198 199 198 198 147  52  49  53  48  55
  63  48  68  57  48 150 198 200 201 197 140  59  56  53  49  59
  64  51  67  55  46 144 200 204 203 203 163  70  58  50  50  48
  59  54  60  58  57 160 202 203 202 201 153  69  63  51  55  53
 122 122 131 140 135 178 200 198 200 199 165 136 128 117 127 129
 199 199 200 200 201 201 200 200 199 200 201 201 201 198 199 199
 197 200 200 201 200 202 201 201 199 198 198 198 198 199 201 199
 196 200 198 199 200 201 202 200 200 201 200 198 199 199 201 195
 197 198 197 199 200 198 198 198 199 199 197 200 197 197 197 183
 198 199 197 198 199 192 188 179 178 188 193 197 198 197 197 194
 197 196 199 198 197 122  57  59  69  64 108 195 196 197 197 187
 194 193 196 197 196 112  51  50  50  51  99 194 196 197 196 180
 191 193 192 193 195 122  53  52  51  50 108 193 194 195 195 191
 193 196 196 195 193 111  53  58  64  52 108 192 193 195 195 187
 193 194 194 195 194 102  55  59  68  52  95 190 192 191 192 182
  60  49  55  59  47 147 178 180 189 184 144  51  48  68  46  47
  55  50  55  57  45 162 193 192 193 191 143  51  49  53  49  56
  63  49  68  58  49 149 194 194 195 192 138  59  58  54  49  60
  64  51  68  57  48 142 195 194 194 194 159  70  58  51  50  48
  59  54  60  58  58 159 195 194 195 193 148  69  63  51  56  54
 121 120 130 137 131 173 195 194 195 194 160 132 125 114 124 128
 194 196 196 196 197 199 199 198 195 193 194 197 195 191 193 192
 192 197 196 198 195 198 197 196 195 195 195 196 195 194 195 193
 193 197 195 198 197 196 198 195 194 195 195 194 195 192 194 190
 195 196 195 196 196 195 195 193 194 195 192 193 192 192 192 180
 195 195 194 195 193 188 185 178 177 184 190 193 191 191 193 190
 190 194 192 192 193 120  59  64  74  67 109 192 192 191 192 185
 190 191 194 193 192 110  52  51  50  51  97 190 191 191 190 177
 190 192 192 193 195 122  52  52  51  50 107 189 190 192 191 188
 188 192 192 192 190 111  53  58  64  52 107 189 190 192 193 186
 189 188 187 192 192 102  55  59  68  53  96 189 188 190 191 181
  57  46  53  54  45 143 177 179 184 181 143  49  47  66  44  45
  52  43  50  57  45 160 189 186 186 188 141  51  48  52  45  53
  60  46  66  54  46 143 186 189 191 188 135  59  55  50  48  57
  62  49  65  51  45 139 190 194 194 191 154  70  57  48  48  47
  58  53  59  55  55 157 193 194 195 192 147  69  62  50  52  51
 120 119 127 133 129 173 195 193 194 193 160 129 121 113 122 123
 191 191 189 187 189 191 191 192 193 194 189 191 193 191 191 189
 187 190 190 189 191 190 188 191 193 192 190 192 193 194 192 189
 190 191 190 187 191 191 191 190 192 193 191 191 193 192 190 186
 192 190 188 190 192 192 191 192 191 192 191 193 192 191 192 179
 190 190 190 192 191 185 180 175 176 183 187 189 189 191 192 190
 187 190 192 192 191 119  59  63  72  65 108 189 190 191 190 182
 189 190 192 192 190 108  48  48  49  51  95 189 190 190 190 174
 189 192 190 190 189 120  51  51  51  49 106 188 190 191 190 188
 187 191 190 189 189 111  53  57  62  51 107 189 190 189 187 184
 186 188 188 190 188 100  55  58  66  50  94 185 187 183 182 177

  47  55  59  48  53 129 199 199 195 183 194 187 180 191 187 182
  48  48  49  50  55 127 199 201 201 197 197 197 196 195 195 192
  68  53  53  50  51 117 198 199 199 197 197 197 197 195 195 191
  48  49  56  58  63 128 201 198 199 197 198 196 196 194 193 192
  50  52  59  70  69 136 201 198 198 200 197 195 194 193 192 190
 146 147 140 163 153 165 201 198 200 197 193 108  99 108 108  95
 188 198 197 203 201 199 200 198 201 199 188  64  51  50  52  52
 195 198 201 203 202 200 199 199 200 199 178  69  50  51  64  68
 186 199 200 204 203 198 200 201 200 198 179  59  50  52  58  59
 184 198 198 200 202 200 200 201 202 198 188  57  51  53  53  55
 149 165 150 144 160 178 201 202 201 198 192 122 112 122 111 102
  46  45  48  46  57 135 201 200 200 200 199 197 196 195 193 194
  58  57  57  55  58 140 200 201 199 199 198 198 197 193 195 195
  54  54  68  67  60 131 200 200 198 197 197 199 196 192 196 194
  48  48  48  51  54 122 199 200 200 198 199 196 193 193 196 194
  59  54  63  64  59 122 199 197 196 197 198 197 194 191 193 193
  47  56  60  48  54 128 192 193 190 180 190 185 177 188 186 181
  46  49  49  50  56 124 193 195 194 192 193 192 190 191 193 191
  68  53  54  51  51 114 191 194 192 192 191 191 191 192 192 190
  48  49  58  58  63 125 195 195 195 192 191 192 191 190 190 188
  51  51  59  70  69 132 197 196 194 193 193 192 190 189 189 189
 144 143 138 159 148 160 194 195 195 192 190 109  97 107 107  96
 184 191 192 194 193 194 193 195 195 195 184  67  51  50  52  53
 189 193 195 194 195 195 195 195 194 194 177  74  50  51  64  68
 180 192 194 194 194 194 198 196 195 193 178  64  51  52  58  59
 178 193 194 195 195 195 199 197 198 195 185  59  52  52  53  55
 147 162 149 142 159 173 199 198 196 195 188 120 110 122 111 102
  47  45  49  48  58 131 197 195 197 196 193 193 192 195 190 192
  59  57  58  57  58 137 196 198 198 196 195 192 193 193 192 192
  55  55  68  68  60 130 196 196 195 195 194 192 194 192 192 187
  49  50  49  51  54 120 196 197 197 196 195 194 191 192 192 188
  60  55  63  64  59 121 194 192 193 195 195 190 190 190 188 189
  45  53  57  47  51 123 189 189 186 179 190 182 174 188 184 177
  44  45  48  48  52 122 191 192 190 192 192 190 190 190 187 182
  66  52  50  48  50 113 191 194 192 191 191 191 190 191 189 183
  47  48  55  57  62 121 193 193 193 192 189 190 190 190 190 187
  49  51  59  70  69 129 191 192 191 193 189 189 189 188 189 185
 143 141 135 154 147 160 189 190 191 191 187 108  95 106 107  94
 181 188 188 191 192 193 194 192 193 192 183  65  51  49  51  50
 184 186 191 194 195 194 193 193 192 191 176  72  49  51  62  66
 179 186 189 194 194 193 192 191 190 192 175  63  48  51  57  58
 177 189 186 190 193 195 191 188 191 191 180  59  48  51  53  55
 143 160 143 139 157 173 191 190 191 192 185 119 108 120 111 100
  45  45  46  45  55 129 189 191 191 192 191 191 190 189 189 188
  54  57  54  51  55 133 187 189 187 190 192 192 192 190 189 190
  53  50  66  65  59 127 189 190 190 188 190 192 192 190 190 188
  46  43  46  49  53 119 191 190 191 190 190 190 190 192 191 188
  57  52  60  62  58 120 191 187 190 192 190 187 189 189 187 186

