 185 190 189 191 192  76  42  38  39  43  39  40  40  40  39  40
 188 190 191 191 194  74  42  39  40  38  40  37  38  38  36  39
 187 191 194 193 194  74  44  39  40  38  38  37  46  40  37  39
 189 192 193 195 196  75  44  39  39  39  38  40  38  36  37  37
 188 192 192 194 197  83  52  49  43  38  40  43  38  37  37  36
 187 192 194 194 195 169 167 156 160 157 111  45  41  38  39  40
 188 192 195 194 196 194 192 192 192 194 133  48  43  39  41  41
 191 192 195 196 195 194 193 194 194 194 121  47  40  39  38  38
 190 195 195 195 196 195 195 195 194 192 124  48  42  41  41  39
 191 194 195 197 198 196 195 196 193 193 127  48  43  45  47  45
 191 194 195 195 197 195 195 195 193 195 118  48  44  45  43  41
 191 196 196 195 196 193 193 193 194 194 120  48  43  44  40  40
 190 196 195 196 196 195 195 194 194 195 126  51  47  45  40  40
 192 194 196 196 196 197 196 194 194 195 127  48  43  40  38  39
 190 192 197 194 196 196 196 194 194 193 126  47  45  42  39  39
 182 185 187 187 191 190 189 189 185 170 114  44  45  45  53  55
 182 185 187 188 186  75  42  38  40  43  40  41  40  40  40  40
 184 186 188 188 190  74  43  39  41  40  41  39  38  39  38  39
 183 188 188 189 190  72  44  40  40  39  38  39  46  41  38  39
 186 190 191 192 192  73  44  41  39  40  38  39  38  38  37  37
 185 189 190 191 192  84  52  49  43  39  40  40  39  39  37  36
 186 189 191 191 191 165 161 153 157 152 109  45  42  40  41  41
 185 191 192 190 191 191 189 190 189 191 132  48  43  40  41  40
 188 192 192 192 192 191 191 190 190 191 120  47  40  40  39  39
 186 192 191 192 192 190 193 191 190 188 122  49  43  41  42  39
 187 191 192 192 193 192 192 192 189 188 124  48  44  46  46  45
 186 191 192 192 193 191 191 191 189 192 117  49  44  41  41  38
 187 191 192 191 192 190 189 190 191 190 117  47  42  44  40  39
 186 192 191 192 192 192 191 190 190 189 123  51  48  47  40  40
 188 191 192 191 192 191 192 190 188 189 121  46  42  41  38  39
 188 190 189 190 190 191 192 191 188 187 123  47  46  42  39  39
 182 183 184 185 186 187 186 185 181 168 113  44  45  45  53  55
 180 184 187 187 186  74  41  37  38  41  39  40  38  37  37  36
 184 186 187 187 187  72  41  38  40  37  39  36  37  37  36  36
 183 187 187 188 188  72  43  39  39  37  37  36  44  39  36  37
 185 189 188 190 190  72  43  40  38  39  37  36  36  35  36  35
 182 187 189 190 190  83  52  49  43  39  39  39  37  37  36  35
 181 187 191 191 190 164 161 152 155 151 107  45  41  39  39  38
 182 190 191 190 191 191 188 189 188 189 130  48  42  39  40  39
 186 192 192 189 192 189 190 190 189 190 118  46  39  39  38  36
 185 190 191 192 191 189 190 188 189 185 119  47  42  39  40  39
 186 190 192 191 193 191 189 189 189 187 122  47  43  42  46  45
 186 190 192 192 192 191 190 191 189 187 114  49  43  41  41  38
 186 190 192 191 192 190 189 190 190 187 115  46  41  40  39  36
 186 191 191 192 191 192 191 189 189 185 121  51  44  41  40  39
 187 190 191 191 191 191 191 188 188 186 118  46  41  39  37  38
 185 188 189 189 190 191 191 188 188 186 122  44  42  41  38  38
 181 182 184 184 187 187 186 184 180 166 112  44  44  45  52  53

  40  39  39  37  36  40  41  38  39  45  41  40  40  39  39  55
  39  36  37  37  37  39  41  38  41  47  43  40  40  38  39  53
  40  38  40  36  37  38  39  39  41  45  45  44  45  40  42  45
  40  38  46  38  38  41  43  40  42  43  44  43  47  43  45  45
  40  37  37  40  43  45  48  47  48  48  48  48  51  48  47  44
  39  40  38  38  40 111 133 121 124 127 118 120 126 127 126 114
  43  38  38  39  38 157 194 194 192 193 195 194 195 195 193 170
  39  40  40  39  43 160 192 194 194 193 193 194 194 194 194 185
  38  39  39  39  49 156 192 194 195 196 195 193 194 194 194 189
  42  42  44  44  52 167 192 193 195 195 195 193 195 196 196 189
  76  74  74  75  83 169 194 194 195 196 195 193 195 197 196 190
 192 194 194 196 197 195 196 195 196 198 197 196 196 196 196 191
 191 191 193 195 194 194 194 196 195 197 195 195 196 196 194 187
 189 191 194 193 192 194 195 195 195 195 195 196 195 196 197 187
 190 190 191 192 192 192 192 192 195 194 194 196 196 194 192 185
 185 188 187 189 188 187 188 191 190 191 191 191 190 192 190 182
  40  39  39  37  36  41  40  39  39  45  38  39  40  39  39  55
  40  38  38  37  37  41  41  39  42  46  41  40  40  38  39  53
  40  39  41  38  39  40  40  40  41  46  41  44  47  41  42  45
  40  38  46  38  39  42  43  40  43  44  44  42  48  42  46  45
  41  39  39  39  40  45  48  47  49  48  49  47  51  46  47  44
  40  41  38  38  40 109 132 120 122 124 117 117 123 121 123 113
  43  40  39  40  39 152 191 191 188 188 192 190 189 189 187 168
  40  41  40  39  43 157 189 190 190 189 189 191 190 188 188 181
  38  39  40  41  49 153 190 190 191 192 191 190 190 190 191 185
  42  43  44  44  52 161 189 191 193 192 191 189 191 192 192 186
  75  74  72  73  84 165 191 191 190 192 191 190 192 191 191 187
 186 190 190 192 192 191 191 192 192 193 193 192 192 192 190 186
 188 188 189 192 191 191 190 192 192 192 192 191 192 191 190 185
 187 188 188 191 190 191 192 192 191 192 192 192 191 192 189 184
 185 186 188 190 189 189 191 192 192 191 191 191 192 191 190 183
 182 184 183 186 185 186 185 188 186 187 186 187 186 188 188 182
  36  36  37  35  35  38  39  36  39  45  38  36  39  38  38  53
  37  36  36  36  36  39  40  38  40  46  41  39  40  37  38  52
  37  37  39  35  37  39  39  39  39  42  41  40  41  39  41  45
  38  37  44  36  37  41  42  39  42  43  43  41  44  41  42  44
  40  36  36  36  39  45  48  46  47  47  49  46  51  46  44  44
  39  39  37  37  39 107 130 118 119 122 114 115 121 118 122 112
  41  37  37  39  39 151 189 190 185 187 187 187 185 186 186 166
  38  40  39  38  43 155 188 189 189 189 189 190 189 188 188 180
  37  38  39  40  49 152 189 190 188 189 191 190 189 188 188 184
  41  41  43  43  52 161 188 190 190 189 190 189 191 191 191 186
  74  72  72  72  83 164 191 189 189 191 191 190 192 191 191 187
 186 187 188 190 190 190 191 192 191 193 192 192 191 191 190 187
 187 187 188 190 190 191 190 189 192 191 192 191 192 191 189 184
 187 187 187 188 189 191 191 192 191 192 192 192 191 191 189 184
 184 186 187 189 187 187 190 192 190 190 190 190 191 190 188 182
 180 184 183 185 182 181 182 186 185 186 186 186 186 187 185 181

  55  53  45  45  44 114 170 185 189 189 190 191 187 187 185 182
  39  39  42  45  47 126 193 194 194 196 196 196 194 197 192 190
  39  38  40  43  48 127 195 194 194 196 197 196 196 196 194 192
  40  40  45  47  51 126 195 194 194 195 195 196 196 195 196 190
  40  40  44  43  48 120 194 194 193 193 193 196 195 196 196 191
  41  43  45  44  48 118 195 193 195 195 195 197 195 195 194 191
  45  47  45  43  48 127 193 193 196 195 196 198 197 195 194 191
  39  41  41  42  48 124 192 194 195 195 195 196 195 195 195 190
  38  38  39  40  47 121 194 194 194 193 194 195 196 195 192 191
  41  41  39  43  48 133 194 192 192 192 194 196 194 195 192 188
  40  39  38  41  45 111 157 160 156 167 169 195 194 194 192 187
  36  37  37  38  43  40  38  43  49  52  83 197 194 192 192 188
  37  37  36  38  40  38  39  39  39  44  75 196 195 193 192 189
  39  37  40  46  37  38  38  40  39  44  74 194 193 194 191 187
  39  36  38  38  37  40  38  40  39  42  74 194 191 191 190 188
  40  39  40  40  40  39  43  39  38  42  76 192 191 189 190 185
  55  53  45  45  44 113 168 181 185 186 187 186 185 184 183 182
  39  39  42  46  47 123 187 188 191 192 191 190 190 189 190 188
  39  38  41  42  46 121 189 188 190 192 191 192 191 192 191 188
  40  40  47  48  51 123 189 190 190 191 192 192 192 191 192 186
  39  40  44  42  47 117 190 191 190 189 190 192 191 192 191 187
  38  41  41  44  49 117 192 189 191 191 191 193 192 192 191 186
  45  46  46  44  48 124 188 189 192 192 192 193 192 192 191 187
  39  42  41  43  49 122 188 190 191 193 190 192 192 191 192 186
  39  39  40  40  47 120 191 190 190 191 191 192 192 192 192 188
  40  41  40  43  48 132 191 189 190 189 191 191 190 192 191 185
  41  41  40  42  45 109 152 157 153 161 165 191 191 191 189 186
  36  37  39  39  40  40  39  43  49  52  84 192 191 190 189 185
  37  37  38  38  39  38  40  39  41  44  73 192 192 191 190 186
  39  38  41  46  39  38  39  40  40  44  72 190 189 188 188 183
  39  38  39  38  39  41  40  41  39  43  74 190 188 188 186 184
  40  40  40  40  41  40  43  40  38  42  75 186 188 187 185 182
  53  52  45  44  44 112 166 180 184 186 187 187 184 184 182 181
  38  38  41  42  44 122 186 188 188 191 191 190 189 189 188 185
  38  37  39  41  46 118 186 188 188 191 191 191 191 191 190 187
  39  40  41  44  51 121 185 189 189 191 192 191 192 191 191 186
  36  39  40  41  46 115 187 190 190 189 190 192 191 192 190 186
  38  41  41  43  49 114 187 189 191 190 191 192 192 192 190 186
  45  46  42  43  47 122 187 189 189 189 191 193 191 192 190 186
  39  40  39  42  47 119 185 189 188 190 189 191 192 191 190 185
  36  38  39  39  46 118 190 189 190 190 189 192 189 192 192 186
  39  40  39  42  48 130 189 188 189 188 191 191 190 191 190 182
  38  39  39  41  45 107 151 155 152 161 164 190 191 191 187 181
  35  36  37  37  39  39  39  43  49  52  83 190 190 189 187 182
  35  36  35  36  36  37  39  38  40  43  72 190 190 188 189 185
  37  36  39  44  36  37  37  39  39  43  72 188 188 187 187 183
  36  36  37  37  36  39  37  40  38  41  72 187 187 187 186 184
  36  37  37  38  40  39  41  38  37  41  74 186 187 187 184 180

 182 190 192 190 191 191 191 190 191 188 187 188 189 187 188 185
 185 192 194 196 196 194 194 195 192 192 192 192 192 191 190 190
 187 197 196 195 196 195 195 195 195 195 194 192 193 194 191 189
 187 194 196 196 195 195 197 195 196 194 194 194 195 193 191 191
 191 196 196 196 196 197 198 196 195 196 195 197 196 194 194 192
 190 196 197 195 193 195 196 195 194 194 169  83  75  74  74  76
 189 196 196 195 193 195 195 195 193 192 167  52  44  44  42  42
 189 194 194 194 193 195 196 195 194 192 156  49  39  39  39  38
 185 194 194 194 194 193 193 194 194 192 160  43  39  40  40  39
 170 193 195 195 194 195 193 192 194 194 157  38  39  38  38  43
 114 126 127 126 120 118 127 124 121 133 111  40  38  38  40  39
  44  47  48  51  48  48  48  48  47  48  45  43  40  37  37  40
  45  45  43  47  43  44  43  42  40  43  41  38  38  46  38  40
  45  42  40  45  44  45  45  41  39  39  38  37  36  40  38  40
  53  39  38  40  40  43  47  41  38  41  39  37  37  37  36  39
  55  39  39  40  40  41  45  39  38  41  40  36  37  39  39  40
 182 188 188 186 187 186 187 186 188 185 186 185 186 183 184 182
 183 190 191 192 191 191 191 192 192 191 189 189 190 188 186 185
 184 189 192 191 192 192 192 191 192 192 191 190 191 188 188 187
 185 190 191 192 191 192 192 192 192 190 191 191 192 189 188 188
 186 190 192 192 192 193 193 192 192 191 191 192 192 190 190 186
 187 191 191 192 190 191 192 190 191 191 165  84  73  72  74  75
 186 192 192 191 189 191 192 193 191 189 161  52  44  44  43  42
 185 191 190 190 190 191 192 191 190 190 153  49  41  40  39  38
 181 188 188 190 191 189 189 190 190 189 157  43  39  40  41  40
 168 187 189 189 190 192 188 188 191 191 152  39  40  39  40  43
 113 123 121 123 117 117 124 122 120 132 109  40  38  38  41  40
  44  47  46  51  47  49  48  49  47  48  45  40  39  39  39  41
  45  46  42  48  42  44  44  43  40  43  42  39  38  46  38  40
  45  42  41  47  44  41  46  41  40  40  40  39  38  41  39  40
  53  39  38  40  40  41  46  42  39  41  41  37  37  38  38  40
  55  39  39  40  39  38  45  39  39  40  41  36  37  39  39  40
 181 185 187 186 186 186 186 185 186 182 181 182 185 183 184 180
 182 188 190 191 190 190 190 190 192 190 187 187 189 187 186 184
 184 189 191 191 192 192 192 191 192 191 191 189 188 187 187 187
 184 189 191 192 191 192 191 192 189 190 191 190 190 188 187 187
 187 190 191 191 192 192 193 191 192 191 190 190 190 188 187 186
 187 191 191 192 190 191 191 189 189 191 164  83  72  72  72  74
 186 191 191 191 189 190 189 190 190 188 161  52  43  43  41  41
 184 188 188 189 190 191 189 188 190 189 152  49  40  39  38  37
 180 188 188 189 190 189 189 189 189 188 155  43  38  39  40  38
 166 186 186 185 187 187 187 185 190 189 151  39  39  37  37  41
 112 122 118 121 115 114 122 119 118 130 107  39  37  37  39  39
  44  44  46  51  46  49  47  47  46  48  45  39  36  36  36  40
  44  42  41  44  41  43  43  42  39  42  41  37  36  44  37  38
  45  41  39  41  40  41  42  39  39  39  39  37  35  39  37  37
  52  38  37  40  39  41  46  40  38  40  39  36  36  36  36  37
  53  38  38  39  36  38  45  39  36  39  38  35  35  37  36  36

