 199 193 203 213 214 211 211 204 208 215 212 204 200 203 201 209
 215 210 216 215 216 216 217 217 216 215 215 214 216 216 215 206
 216 215 217 218 217 215 217 218 217 217 217 217 217 216 215 213
 209 216 217 218 218 218 216 215 216 218 217 216 215 212 213 210
 202 215 217 217 218 218 216 215 216 210 215 214 215 212 212 207
 206 214 216 216 212 203 168 163 166 171 188 181 181 156 159 162
 207 214 215 213 212 181 107 118  80  79  84  89  90  96  88  81
 205 210 215 215 206 163 129  87  57  62  69  57  57  58  56  56
 202 207 216 214 200 145 123  83  70  62  68  57  53  52  55  56
 210 205 209 209 188 134 113  99  87  79  79  73  52  51  53  50
 198 207 217 192 177 149 122 119 130 127 123  89  69  52  49  48
  98 114 120 137 130 192 191 195 196 188 178 128  67  52  46  48
  73  71  65  79  97 196 199 206 212 210 192 145  80  63  43  46
  49  54  61  72 101 202 205 210 214 212 199 150  79  64  48  44
  45  51  58  65 104 205 203 209 213 210 207 134  96  63  50  47
  51  48  55  65 112 199 202 208 211 213 217 119  91  57  50  50
 215 216 218 224 223 222 218 215 220 227 220 221 217 218 212 225
 219 220 220 218 219 220 220 219 219 219 218 218 219 220 218 217
 220 219 221 219 218 219 220 220 221 221 219 220 220 220 219 219
 218 220 220 219 219 220 219 219 221 220 220 219 219 218 218 220
 216 220 221 220 220 221 220 219 222 214 219 220 220 221 221 228
 218 219 220 221 218 197 145 123 150 152 172 161 156 132 139 157
 220 219 219 220 223 151  78  63  58  56  59  64  62  69  63  59
 222 219 219 220 219 126  92  53  56  55  56  57  56  57  55  54
 222 218 219 217 219 106  83  52  54  54  53  56  55  53  53  53
 224 216 216 215 208 109  74  68  64  60  56  59  57  51  51  53
 203 217 224 187 187 145 104 103 122 126 132  74  60  50  50  52
  79  91  97 114 104 195 223 221 216 207 211 119  57  48  49  51
  57  57  62  68  88 204 220 219 218 215 216 122  52  48  49  53
  50  54  61  67 101 210 218 219 218 216 220 136  47  48  51  56
  51  53  61  67 105 207 218 218 217 215 229 117  50  51  51  54
  54  53  58  64 105 193 223 222 219 218 230 106  55  56  54  54
 207 202 206 214 213 210 206 198 207 217 212 210 202 199 204 222
 213 208 204 207 208 207 207 207 207 205 207 208 208 207 206 197
 214 208 203 210 209 206 207 206 203 203 206 207 207 205 207 200
 211 209 204 206 209 207 206 205 203 203 204 205 206 205 205 197
 207 205 203 203 201 197 200 204 204 194 199 202 204 206 208 192
 208 203 203 202 198 150 102  84 116 125 147 135 124  92 104 115
 210 203 205 196 190 109  35  37  35  38  41  42  39  39  43  44
 211 205 204 199 186 103  69  50  46  45  45  44  47  46  47  47
 210 206 205 203 172  79  56  48  47  46  45  41  41  41  43  41
 210 201 201 201 165  82  52  60  52  47  45  34  40  39  41  38
 186 190 196 164 163 124  87  90 106 105  98  45  40  41  41  41
  55  62  69  88  99 186 208 206 200 191 166  87  39  43  43  42
  40  42  45  56  81 195 206 204 202 202 161  89  39  45  43  41
  40  42  44  54  91 202 205 204 202 203 162 101  37  42  44  44
  41  40  43  45  90 201 202 204 204 198 180  86  39  42  47  43
  45  46  44  46  97 189 203 203 202 203 197  74  39  42  42  43

 209 206 213 210 207 162  81  56  56  50  48  48  46  44  47  50
 201 215 215 213 212 159  88  56  55  53  49  46  43  48  50  50
 203 216 216 212 212 156  96  58  52  51  52  52  63  64  63  57
 200 216 217 215 215 181  90  57  53  52  69  67  80  79  96  91
 204 214 217 216 214 181  89  57  57  73  89 128 145 150 134 119
 212 215 217 217 215 188  84  69  68  79 123 178 192 199 207 217
 215 215 217 218 210 171  79  62  62  79 127 188 210 212 210 213
 208 216 217 216 216 166  80  57  70  87 130 196 212 214 213 211
 204 217 218 215 215 163 118  87  83  99 119 195 206 210 209 208
 211 217 217 216 216 168 107 129 123 113 122 191 199 205 203 202
 211 216 215 218 218 203 181 163 145 134 149 192 196 202 205 199
 214 216 217 218 218 212 212 206 200 188 177 130  97 101 104 112
 213 215 218 218 217 216 213 215 214 209 192 137  79  72  65  65
 203 216 217 217 217 216 215 215 216 209 217 120  65  61  58  55
 193 210 215 216 215 214 214 210 207 205 207 114  71  54  51  48
 199 215 216 209 202 206 207 205 202 210 198  98  73  49  45  51
 225 217 219 220 228 157  59  54  53  53  52  51  53  56  54  54
 212 218 219 218 221 139  63  55  53  51  50  49  49  51  51  54
 218 220 220 218 221 132  69  57  53  51  50  48  48  48  51  56
 217 219 220 219 220 156  62  56  55  57  60  57  52  47  50  55
 221 218 220 219 220 161  64  57  56  59  74 119 122 136 117 106
 220 218 219 220 219 172  59  56  53  56 132 211 216 220 229 230
 227 219 221 220 214 152  56  55  54  60 126 207 215 216 215 218
 220 219 221 221 222 150  58  56  54  64 122 216 218 218 217 219
 215 219 220 219 219 123  63  53  52  68 103 221 219 219 218 222
 218 220 220 219 220 145  78  92  83  74 104 223 220 218 218 223
 222 220 219 220 221 197 151 126 106 109 145 195 204 210 207 193
 223 219 218 219 220 218 223 219 219 208 187 104  88 101 105 105
 224 218 219 219 220 221 220 220 217 215 187 114  68  67  67  64
 218 220 221 220 221 220 219 219 219 216 224  97  62  61  61  58
 216 220 219 220 220 219 219 219 218 216 217  91  57  54  53  53
 215 219 220 218 216 218 220 222 222 224 203  79  57  50  51  54
 222 197 200 197 192 115  44  47  41  38  41  42  41  44  43  43
 204 206 207 205 208 104  43  47  43  41  41  43  43  44  47  42
 199 207 205 205 206  92  39  46  41  39  41  43  45  42  42  42
 202 208 207 206 204 124  39  47  41  40  40  39  39  37  39  39
 210 208 207 205 202 135  42  44  41  34  45  87  89 101  86  74
 212 207 206 204 199 147  41  45  45  45  98 166 161 162 180 197
 217 205 203 203 194 125  38  45  46  47 105 191 202 203 198 203
 207 207 203 203 204 116  35  46  47  52 106 200 202 202 204 202
 198 207 206 205 204  84  37  50  48  60  90 206 204 204 204 203
 206 207 207 206 200 102  35  69  56  52  87 208 206 205 202 203
 210 207 206 207 197 150 109 103  79  82 124 186 195 202 201 189
 213 208 209 209 201 198 190 186 172 165 163  99  81  91  90  97
 214 207 210 206 203 202 196 199 203 201 164  88  56  54  45  46
 206 204 203 204 203 203 205 204 205 201 196  69  45  44  43  44
 202 208 208 209 205 203 203 205 206 201 190  62  42  42  40  46
 207 213 214 211 207 208 210 211 210 210 186  55  40  40  41  45

  50  50  57  91 119 217 213 211 208 202 199 112  65  55  48  51
  47  50  63  96 134 207 210 213 209 203 205 104  65  58  51  45
  44  48  64  79 150 199 212 214 210 205 202 101  72  61  54  49
  46  43  63  80 145 192 210 212 206 199 196  97  79  65  71  73
  48  46  52  67 128 178 188 196 195 191 192 130 137 120 114  98
  48  49  52  69  89 123 127 130 119 122 149 177 192 217 207 198
  50  53  51  52  73  79  79  87  99 113 134 188 209 209 205 210
  56  55  52  53  57  68  62  70  83 123 145 200 214 216 207 202
  56  56  58  57  57  69  62  57  87 129 163 206 215 215 210 205
  81  88  96  90  89  84  79  80 118 107 181 212 213 215 214 207
 162 159 156 181 181 188 171 166 163 168 203 212 216 216 214 206
 207 212 212 215 214 215 210 216 215 216 218 218 217 217 215 202
 210 213 212 215 216 217 218 216 215 216 218 218 218 217 216 209
 213 215 216 217 217 217 217 217 218 217 215 217 218 217 215 216
 206 215 216 216 214 215 215 216 217 217 216 216 215 216 210 215
 209 201 203 200 204 212 215 208 204 211 211 214 213 203 193 199
  54  54  56  55 106 230 218 219 222 223 193 105  64  58  53  54
  54  51  51  50 117 229 215 217 218 218 207 105  67  61  53  51
  56  51  48  47 136 220 216 218 219 218 210 101  67  61  54  50
  53  49  48  52 122 216 215 218 219 220 204  88  68  62  57  57
  51  49  48  57 119 211 207 216 221 223 195 104 114  97  91  79
  52  50  50  60  74 132 126 122 103 104 145 187 187 224 217 203
  53  51  51  57  59  56  60  64  68  74 109 208 215 216 216 224
  53  53  53  55  56  53  54  54  52  83 106 219 217 219 218 222
  54  55  57  56  57  56  55  56  53  92 126 219 220 219 219 222
  59  63  69  62  64  59  56  58  63  78 151 223 220 219 219 220
 157 139 132 156 161 172 152 150 123 145 197 218 221 220 219 218
 228 221 221 220 220 219 214 222 219 220 221 220 220 221 220 216
 220 218 218 219 219 220 220 221 219 219 220 219 219 220 220 218
 219 219 220 220 220 219 221 221 220 220 219 218 219 221 219 220
 217 218 220 219 218 218 219 219 219 220 220 219 218 220 220 219
 225 212 218 217 221 220 227 220 215 218 222 223 224 218 216 215
  43  42  42  39  74 197 203 202 203 203 189  97  46  44  46  45
  43  47  42  39  86 180 198 204 204 202 201  90  45  43  40  41
  44  44  42  37 101 162 203 202 204 205 202  91  54  44  42  40
  41  43  45  39  89 161 202 202 204 206 195  81  56  45  42  40
  42  43  43  39  87 166 191 200 206 208 186  99  88  69  62  55
  41  41  41  40  45  98 105 106  90  87 124 163 164 196 190 186
  38  41  39  40  34  45  47  52  60  52  82 165 201 201 201 210
  41  43  41  41  41  45  46  47  48  56  79 172 203 205 206 210
  47  47  46  47  44  45  45  46  50  69 103 186 199 204 205 211
  44  43  39  39  42  41  38  35  37  35 109 190 196 205 203 210
 115 104  92 124 135 147 125 116  84 102 150 198 202 203 203 208
 192 208 206 204 202 199 194 204 204 200 197 201 203 203 205 207
 197 205 205 206 205 204 203 203 205 206 207 209 206 204 209 211
 200 207 205 207 207 206 203 203 206 207 206 209 210 203 208 214
 197 206 207 208 208 207 205 207 207 207 207 208 207 204 208 213
 222 204 199 202 210 212 217 207 198 206 210 213 214 206 202 207

  51  45  49  73  98 198 210 202 205 207 206 202 209 216 215 199
  48  51  54  71 114 207 205 207 210 214 214 215 216 215 210 193
  55  58  61  65 120 217 209 216 215 215 216 217 217 217 216 203
  65  65  72  79 137 192 209 214 215 213 216 217 218 218 215 213
 112 104 101  97 130 177 188 200 206 212 212 218 218 217 216 214
 199 205 202 196 192 149 134 145 163 181 203 218 218 215 216 211
 202 203 205 199 191 122 113 123 129 107 168 216 216 217 217 211
 208 209 210 206 195 119  99  83  87 118 163 215 215 218 217 204
 211 213 214 212 196 130  87  70  57  80 166 216 216 217 216 208
 213 210 212 210 188 127  79  62  62  79 171 210 218 217 215 215
 217 207 199 192 178 123  79  68  69  84 188 215 217 217 215 212
 119 134 150 145 128  89  73  57  57  89 181 214 216 217 214 204
  91  96  79  80  67  69  52  53  57  90 181 215 215 217 216 200
  57  63  64  63  52  52  51  52  58  96 156 212 212 216 216 203
  50  50  48  43  46  49  53  55  56  88 159 212 213 215 215 201
  50  47  44  46  48  48  50  56  56  81 162 207 210 213 206 209
  54  51  50  57  79 203 224 222 222 220 218 216 218 220 219 215
  53  53  54  57  91 217 216 218 219 219 219 220 220 219 220 216
  58  61  61  62  97 224 216 219 219 219 220 221 220 221 220 218
  64  67  67  68 114 187 215 217 220 220 221 220 219 219 218 224
 105 105 101  88 104 187 208 219 219 223 218 220 219 218 219 223
 193 207 210 204 195 145 109 106 126 151 197 221 220 219 220 222
 223 218 218 220 223 104  74  83  92  78 145 220 219 220 220 218
 222 218 219 219 221 103  68  52  53  63 123 219 219 220 219 215
 219 217 218 218 216 122  64  54  56  58 150 222 221 221 219 220
 218 215 216 215 207 126  60  54  55  56 152 214 220 221 219 227
 230 229 220 216 211 132  56  53  56  59 172 219 220 219 218 220
 106 117 136 122 119  74  59  56  57  64 161 220 219 220 218 221
  55  50  47  52  57  60  57  55  56  62 156 220 219 220 219 217
  56  51  48  48  48  50  51  53  57  69 132 221 218 220 220 218
  54  51  51  49  49  50  51  53  55  63 139 221 218 219 218 212
  54  54  56  53  51  52  53  53  54  59 157 228 220 219 217 225
  45  41  40  40  55 186 210 210 211 210 208 207 211 214 213 207
  46  40  42  42  62 190 201 206 205 203 203 205 209 208 208 202
  44  43  44  45  69 196 201 205 204 205 203 203 204 203 204 206
  46  45  54  56  88 164 201 203 199 196 202 203 206 210 207 214
  97  90  91  81  99 163 165 172 186 190 198 201 209 209 208 213
 189 201 202 195 186 124  82  79 103 109 150 197 207 206 207 210
 203 202 205 206 208  87  52  56  69  35 102 200 206 207 207 206
 203 204 204 204 206  90  60  48  50  37  84 204 205 206 207 198
 202 204 202 202 200 106  52  47  46  35 116 204 203 203 207 207
 203 198 203 202 191 105  47  46  45  38 125 194 203 203 205 217
 197 180 162 161 166  98  45  45  45  41 147 199 204 206 207 212
  74  86 101  89  87  45  34  41  44  42 135 202 205 207 208 210
  39  39  37  39  39  40  40  41  47  39 124 204 206 207 208 202
  42  42  42  45  43  41  39  41  46  39  92 206 205 205 207 199
  42  47  44  43  43  41  41  43  47  43 104 208 205 207 206 204
  43  43  44  41  42  41  38  41  47  44 115 192 197 200 197 222

