 203 201 207 211 205 198 207 216 213 217 219 214 211 210 210 200
 204 202 217 218 218 218 218 218 218 217 217 218 218 216 216 209
 210 208 218 221 220 220 221 222 221 220 220 222 221 219 218 215
 209 209 217 220 219 218 220 222 221 221 221 222 220 219 216 212
 208 206 221 220 219 219 220 222 221 220 219 220 219 216 217 208
 209 209 220 221 222 222 219 223 221 220 213 211 201 184 184 179
 211 212 219 221 222 222 222 223 221 219 203 161 113 114 103  98
 208 213 219 222 221 222 222 221 220 220 199 160 101  88  76  68
 205 212 217 218 221 223 221 221 221 221 194 152  92  78  63  60
 202 207 214 216 218 217 219 220 221 221 188 147  88  70  61  61
 193 197 205 209 215 217 217 220 222 221 195 136  89  65  57  59
 143 111 120 130 136 203 215 219 221 221 208 133 103  73  60  59
  78  86  84  95 111 193 213 216 218 221 216 128 108  72  64  61
  65  63  68  79  92 183 220 216 218 218 213 127  99  70  67  65
  67  63  65  86  89 187 217 211 217 218 211 115  92  67  64  61
  69  64  68  90  87 176 212 211 214 210 205 108  96  70  68  57
 232 223 222 217 214 207 216 227 225 224 225 225 223 223 222 218
 223 218 218 218 218 218 219 219 219 218 218 219 219 218 219 217
 220 218 220 218 218 219 220 221 220 219 220 220 220 220 220 219
 219 219 220 219 219 219 221 220 219 219 220 220 219 220 218 221
 221 219 220 220 219 219 220 220 219 219 219 221 223 223 221 223
 220 220 220 220 219 219 218 219 219 219 218 199 194 168 174 186
 217 218 218 219 219 219 219 219 219 218 219 132  71  73  73  72
 217 219 219 220 219 219 219 220 220 219 221 154  70  66  64  62
 217 219 220 220 220 220 220 221 220 220 211 146  70  62  63  62
 216 218 219 218 218 218 220 220 220 220 207 142  68  62  67  65
 211 212 217 216 217 215 218 219 220 220 214 129  63  60  63  63
 135  84  97 100  96 165 218 219 219 220 227 123  66  59  66  64
  66  73  72  71  76 162 217 219 220 220 239 118  66  63  67  64
  67  70  72  73  80 168 215 220 220 219 234 119  60  65  63  62
  74  71  73  76  78 170 215 220 221 219 225 118  70  62  63  63
  75  74  71  75  76 173 219 223 220 218 225 114  75  65  65  63
 226 214 211 204 205 201 214 220 221 220 222 213 211 209 207 203
 218 215 214 214 214 214 214 214 213 214 215 212 214 212 210 209
 217 215 213 216 215 215 212 212 213 214 213 214 213 211 211 209
 214 214 211 214 214 215 212 214 214 215 213 214 212 211 212 208
 214 212 213 214 214 215 213 214 214 215 212 208 212 214 215 214
 213 213 214 213 213 215 218 217 215 215 202 176 172 137 144 145
 211 212 214 214 213 215 219 217 215 214 174  93  40  46  48  57
 210 212 213 213 213 214 216 214 212 212 171 114  47  52  53  55
 212 212 211 212 213 213 213 212 211 211 171 111  50  52  50  51
 212 212 210 213 216 212 213 213 212 211 170 113  53  52  49  52
 192 190 191 195 200 209 214 214 214 211 181 104  47  52  51  54
 108  60  72  77  76 156 209 212 214 211 194  96  45  55  48  50
  56  56  51  50  54 150 209 213 214 211 198  88  46  52  49  49
  57  51  47  46  54 163 209 211 211 210 196  89  39  52  48  48
  57  51  51  57  59 167 208 210 210 210 204  89  44  52  54  55
  58  51  55  60  59 164 211 214 210 208 204  89  56  49  52  53

 200 209 215 212 208 179  98  68  60  61  59  59  61  65  61  57
 210 216 218 216 217 184 103  76  63  61  57  60  64  67  64  68
 210 216 219 219 216 184 114  88  78  70  65  73  72  70  67  70
 211 218 221 220 219 201 113 101  92  88  89 103 108  99  92  96
 214 218 222 222 220 211 161 160 152 147 136 133 128 127 115 108
 219 217 220 221 219 213 203 199 194 188 195 208 216 213 211 205
 217 217 220 221 220 220 219 220 221 221 221 221 221 218 218 210
 213 218 221 221 221 221 221 220 221 221 222 221 218 218 217 214
 216 218 222 222 222 223 223 221 221 220 220 219 216 216 211 211
 207 218 221 220 220 219 222 222 221 219 217 215 213 220 217 212
 198 218 220 218 219 222 222 222 223 217 217 203 193 183 187 176
 205 218 220 219 219 222 222 221 221 218 215 136 111  92  89  87
 211 218 221 220 220 221 221 222 218 216 209 130  95  79  86  90
 207 217 218 217 221 220 219 219 217 214 205 120  84  68  65  68
 201 202 208 209 206 209 212 213 212 207 197 111  86  63  63  64
 203 204 210 209 208 209 211 208 205 202 193 143  78  65  67  69
 218 217 219 221 223 186  72  62  62  65  63  64  64  62  63  63
 222 219 220 218 221 174  73  64  63  67  63  66  67  63  63  65
 223 218 220 220 223 168  73  66  62  62  60  59  63  65  62  65
 223 219 220 219 223 194  71  70  70  68  63  66  66  60  70  75
 225 219 220 220 221 199 132 154 146 142 129 123 118 119 118 114
 225 218 220 220 219 218 219 221 211 207 214 227 239 234 225 225
 224 218 219 219 219 219 218 219 220 220 220 220 220 219 219 218
 225 219 220 219 219 219 219 220 220 220 220 219 220 220 221 220
 227 219 221 220 220 219 219 220 221 220 219 219 219 220 220 223
 216 219 220 221 220 218 219 219 220 220 218 218 217 215 215 219
 207 218 219 219 219 219 219 219 220 218 215 165 162 168 170 173
 214 218 218 219 219 219 219 219 220 218 217  96  76  80  78  76
 217 218 218 219 220 220 219 220 220 218 216 100  71  73  76  75
 222 218 220 220 220 220 218 219 220 219 217  97  72  72  73  71
 223 218 218 219 219 220 218 219 219 218 212  84  73  70  71  74
 232 223 220 219 221 220 217 217 217 216 211 135  66  67  74  75
 203 209 209 208 214 145  57  55  51  52  54  50  49  48  55  53
 207 210 211 212 215 144  48  53  50  49  51  48  49  48  54  52
 209 212 211 211 214 137  46  52  52  52  52  55  52  52  52  49
 211 214 213 212 212 172  40  47  50  53  47  45  46  39  44  56
 213 212 214 214 208 176  93 114 111 113 104  96  88  89  89  89
 222 215 213 213 212 202 174 171 171 170 181 194 198 196 204 204
 220 214 214 215 215 215 214 212 211 211 211 211 211 210 210 208
 221 213 213 214 214 215 215 212 211 212 214 214 214 211 210 210
 220 214 212 214 214 217 217 214 212 213 214 212 213 211 210 214
 214 214 212 212 213 218 219 216 213 213 214 209 209 209 208 211
 201 214 215 215 215 215 215 214 213 212 209 156 150 163 167 164
 205 214 215 214 214 213 213 213 213 216 200  76  54  54  59  59
 204 214 216 214 214 213 214 213 212 213 195  77  50  46  57  60
 211 214 213 211 213 214 214 213 211 210 191  72  51  47  51  55
 214 215 215 214 212 213 212 212 212 212 190  60  56  51  51  51
 226 218 217 214 214 213 211 210 212 212 192 108  56  57  57  58

  57  68  70  96 108 205 210 214 211 212 176  87  90  68  64  69
  61  64  67  92 115 211 218 217 211 217 187  89  86  65  63  67
  65  67  70  99 127 213 218 218 216 220 183  92  79  68  63  65
  61  64  72 108 128 216 221 218 216 213 193 111  95  84  86  78
  59  60  73 103 133 208 221 221 219 215 203 136 130 120 111 143
  59  57  65  89 136 195 221 222 220 217 217 215 209 205 197 193
  61  61  70  88 147 188 221 221 220 219 217 218 216 214 207 202
  60  63  78  92 152 194 221 221 221 221 223 221 218 217 212 205
  68  76  88 101 160 199 220 220 221 222 222 221 222 219 213 208
  98 103 114 113 161 203 219 221 223 222 222 222 221 219 212 211
 179 184 184 201 211 213 220 221 223 219 222 222 221 220 209 209
 208 217 216 219 220 219 220 221 222 220 219 219 220 221 206 208
 212 216 219 220 222 221 221 221 222 220 218 219 220 217 209 209
 215 218 219 221 222 220 220 221 222 221 220 220 221 218 208 210
 209 216 216 218 218 217 217 218 218 218 218 218 218 217 202 204
 200 210 210 211 214 219 217 213 216 207 198 205 211 207 201 203
  63  65  65  75 114 225 218 220 223 219 173  76  75  71  74  75
  63  63  62  70 118 225 219 221 220 215 170  78  76  73  71  74
  62  63  65  60 119 234 219 220 220 215 168  80  73  72  70  67
  64  67  63  66 118 239 220 220 219 217 162  76  71  72  73  66
  64  66  59  66 123 227 220 219 219 218 165  96 100  97  84 135
  63  63  60  63 129 214 220 220 219 218 215 217 216 217 212 211
  65  67  62  68 142 207 220 220 220 220 218 218 218 219 218 216
  62  63  62  70 146 211 220 220 221 220 220 220 220 220 219 217
  62  64  66  70 154 221 219 220 220 219 219 219 220 219 219 217
  72  73  73  71 132 219 218 219 219 219 219 219 219 218 218 217
 186 174 168 194 199 218 219 219 219 218 219 219 220 220 220 220
 223 221 223 223 221 219 219 219 220 220 219 219 220 220 219 221
 221 218 220 219 220 220 219 219 220 221 219 219 219 220 219 219
 219 220 220 220 220 220 219 220 221 220 219 218 218 220 218 220
 217 219 218 219 219 218 218 219 219 219 218 218 218 218 218 223
 218 222 223 223 225 225 224 225 227 216 207 214 217 222 223 232
  53  52  49  56  89 204 208 210 214 211 164  59  60  55  51  58
  55  54  52  44  89 204 210 210 210 208 167  59  57  51  51  57
  48  48  52  39  89 196 210 211 211 209 163  54  46  47  51  57
  49  49  52  46  88 198 211 214 213 209 150  54  50  51  56  56
  50  48  55  45  96 194 211 214 212 209 156  76  77  72  60 108
  54  51  52  47 104 181 211 214 214 214 209 200 195 191 190 192
  52  49  52  53 113 170 211 212 213 213 212 216 213 210 212 212
  51  50  52  50 111 171 211 211 212 213 213 213 212 211 212 212
  55  53  52  47 114 171 212 212 214 216 214 213 213 213 212 210
  57  48  46  40  93 174 214 215 217 219 215 213 214 214 212 211
 145 144 137 172 176 202 215 215 217 218 215 213 213 214 213 213
 214 215 214 212 208 212 215 214 214 213 215 214 214 213 212 214
 208 212 211 212 214 213 215 214 214 212 215 214 214 211 214 214
 209 211 211 213 214 213 214 213 212 212 215 215 216 213 215 217
 209 210 212 214 212 215 214 213 214 214 214 214 214 214 215 218
 203 207 209 211 213 222 220 221 220 214 201 205 204 211 214 226

  69  67  65  78 143 193 202 205 208 211 209 208 209 210 204 203
  64  63  63  86 111 197 207 212 213 212 209 206 209 208 202 201
  68  65  68  84 120 205 214 217 219 219 220 221 217 218 217 207
  90  86  79  95 130 209 216 218 222 221 221 220 220 221 218 211
  87  89  92 111 136 215 218 221 221 222 222 219 219 220 218 205
 176 187 183 193 203 217 217 223 222 222 222 219 218 220 218 198
 212 217 220 213 215 217 219 221 222 222 219 220 220 221 218 207
 211 211 216 216 219 220 220 221 221 223 223 222 222 222 218 216
 214 217 218 218 221 222 221 221 220 221 221 221 221 221 218 213
 210 218 218 221 221 221 221 221 220 219 220 220 221 220 217 217
 205 211 213 216 208 195 188 194 199 203 213 219 221 220 217 219
 108 115 127 128 133 136 147 152 160 161 211 220 222 222 218 214
  96  92  99 108 103  89  88  92 101 113 201 219 220 221 218 211
  70  67  70  72  73  65  70  78  88 114 184 216 219 219 216 210
  68  64  67  64  60  57  61  63  76 103 184 217 216 218 216 210
  57  61  65  61  59  59  61  60  68  98 179 208 212 215 209 200
  75  74  67  66 135 211 216 217 217 217 220 221 219 220 223 232
  74  71  70  73  84 212 218 219 219 218 220 219 219 218 218 223
  71  73  72  72  97 217 219 220 219 218 220 220 220 220 218 222
  75  76  73  71 100 216 218 220 220 219 220 220 219 218 218 217
  76  78  80  76  96 217 218 220 219 219 219 219 219 218 218 214
 173 170 168 162 165 215 218 220 219 219 219 219 219 219 218 207
 219 215 215 217 218 218 220 220 219 219 218 220 221 220 219 216
 223 220 220 219 219 219 220 221 220 219 219 220 220 221 219 227
 220 221 220 220 219 220 220 220 220 219 219 219 219 220 219 225
 218 219 219 220 220 220 220 220 219 218 219 219 219 219 218 224
 225 225 234 239 227 214 207 211 221 219 218 219 220 220 218 225
 114 118 119 118 123 129 142 146 154 132 199 221 220 220 219 225
  75  70  60  66  66  63  68  70  70  71 194 223 219 220 219 223
  65  62  65  63  59  60  62  62  66  73 168 223 220 220 218 223
  65  63  63  67  66  63  67  63  64  73 174 221 218 220 219 222
  63  63  62  64  64  63  65  62  62  72 186 223 221 219 217 218
  58  57  57  56 108 192 212 212 210 211 213 214 214 217 218 226
  51  51  51  56  60 190 212 212 212 212 213 212 214 215 215 214
  55  51  47  51  72 191 210 211 213 214 214 213 211 213 214 211
  60  57  46  50  77 195 213 212 213 214 213 214 214 216 214 204
  59  59  54  54  76 200 216 213 213 213 213 214 214 215 214 205
 164 167 163 150 156 209 212 213 214 215 215 215 215 215 214 201
 211 208 209 209 209 214 213 213 216 219 218 213 212 212 214 214
 214 210 211 213 212 214 213 212 214 217 217 214 214 212 214 220
 210 210 211 214 214 214 212 211 212 215 215 214 214 213 213 221
 208 210 210 211 211 211 211 211 212 214 215 215 215 214 214 220
 204 204 196 198 194 181 170 171 171 174 202 212 213 213 215 222
  89  89  89  88  96 104 113 111 114  93 176 208 214 214 212 213
  56  44  39  46  45  47  53  50  47  40 172 212 212 213 214 211
  49  52  52  52  55  52  52  52  52  46 137 214 211 211 212 209
  52  54  48  49  48  51  49  50  53  48 144 215 212 211 210 207
  53  55  48  49  50  54  52  51  55  57 145 214 208 209 209 203

