 251 254 254 255 254 255 255 254 254 254 255 255 255 254 253 190
 253 254 255 255 255 255 255 255 255 254 254 255 254 252 250 223
 255 254 255 255 255 253 252 254 255 255 255 255 255 255 254 224
 255 255 255 254 254 255 254 255 254 254 255 255 255 255 255 220
 255 255 254 251 252 254 255 255 255 254 253 255 255 255 255 208
 255 255 254 253 254 255 253 254 255 255 255 255 255 255 255 196
 254 255 255 254 253 254 254 254 254 255 255 255 255 255 255 200
 254 255 255 251 250 253 254 254 254 255 254 255 254 255 254 189
 228 251 228 154 232 186 219 251 252 254 255 255 254 255 247 178
 191 249 205  59 225 137 182 243 242 222 248 248 229 232 248 170
 145 197 152  56 230  89 161 127  91 100 211 112  73  70 190 163
  87  97  90  61 230  88 138 103  87 232 145 115 224 145  73 144
 143 239 221  57 209  72 117 110 113 239 132 134 230 185  66 158
 140 235 214  61 200  73 124 128 104 246 169  72 184 102 126 183
 188 240 226 134 229 136 183 207 199 238 236 146  83 117 215 180
 157 151 118 110 120 126 132 141 149 157 133 129 145 153 159 122
 222 224 225 228 228 231 232 228 227 225 227 227 228 228 229 176
 223 228 227 226 226 229 230 229 226 224 228 227 225 226 227 208
 225 227 226 222 225 229 230 227 224 222 223 227 225 225 226 197
 223 222 225 225 225 226 227 226 226 222 223 226 227 225 223 192
 224 224 224 228 229 229 228 226 228 227 224 226 225 223 224 182
 225 225 225 225 227 229 227 225 223 223 223 224 224 223 224 169
 226 225 225 225 227 229 227 224 223 224 225 224 223 227 227 172
 224 227 227 226 227 228 227 229 226 224 226 226 223 228 229 167
 206 224 200 137 215 159 193 229 228 225 226 229 226 226 228 161
 176 221 174  45 211 126 176 225 224 205 225 226 208 209 222 155
 141 179 134  48 218  75 150 117  80  95 199  90  55  56 175 144
  60  83  75  48 215  72 131  99  79 217 118  99 216 137  68 135
 135 219 195  43 197  64 112  94 100 219  99 128 214 167  44 145
 139 216 193  44 183  58 118 118  95 212 143  64 178  90 110 164
 168 214 203 112 211 119 172 185 171 214 211 122  68 101 204 167
 131 127 102 105 108 120 129 138 143 146 119 115 121 136 148 115
 130 129 127 124 123 126 133 139 137 133 130 129 129 126 126  98
 126 122 122 125 126 127 134 136 135 132 128 128 132 133 130 114
 126 123 124 129 127 128 131 130 133 134 130 126 130 130 127 114
 122 130 128 127 125 127 126 129 129 131 130 126 128 130 130 112
 119 122 123 125 122 124 125 130 128 128 129 128 131 135 129 105
 126 125 125 124 122 122 125 131 135 133 131 130 131 132 129 102
 121 125 127 126 125 123 128 133 134 132 129 129 132 128 123  99
 120 121 121 124 126 127 125 125 130 129 126 129 133 126 123  94
 123 123 110  80 137  93 123 125 128 128 126 123 128 127 120  89
 129 122  93  35 153  80 128 137 143 118 122 122 123 130 130  88
 106 120  82  27 144  35 125  76  60  66 135  39  33  38 122  88
  50  58  45  24 145  36 111  64  60 136  66  76 134  81  50 100
 106 125 124  17 120  23  94  67  89 124  52  94 116  94  34 120
  97 113 114  27 136  19  96  97  85 117  72  42 136  58  83 116
 104 109 107  56 129  62 110 105 108 115 106  66  50  70 117  83
  89  76  61  65  66  80  90  89  91  92  71  81  90  98  96  79

 190 223 224 220 208 196 200 189 178 170 163 144 158 183 180 122
 253 250 254 255 255 255 255 254 247 248 190  73  66 126 215 159
 254 252 255 255 255 255 255 255 255 232  70 145 185 102 117 153
 255 254 255 255 255 255 255 254 254 229  73 224 230 184  83 145
 255 255 255 255 255 255 255 255 255 248 112 115 134  72 146 129
 255 254 255 255 253 255 255 254 255 248 211 145 132 169 236 133
 254 254 255 254 254 255 255 255 254 222 100 232 239 246 238 157
 254 255 255 254 255 255 254 254 252 242  91  87 113 104 199 149
 254 255 254 255 255 254 254 254 251 243 127 103 110 128 207 141
 255 255 252 254 255 253 254 254 219 182 161 138 117 124 183 132
 255 255 253 255 254 255 254 253 186 137  89  88  72  73 136 126
 254 255 255 254 252 254 253 250 232 225 230 230 209 200 229 120
 255 255 255 254 251 253 254 251 154  59  56  61  57  61 134 110
 254 255 255 255 254 254 255 255 228 205 152  90 221 214 226 118
 254 254 254 255 255 255 255 255 251 249 197  97 239 235 240 151
 251 253 255 255 255 255 254 254 228 191 145  87 143 140 188 157
 176 208 197 192 182 169 172 167 161 155 144 135 145 164 167 115
 229 227 226 223 224 224 227 229 228 222 175  68  44 110 204 148
 228 226 225 225 223 223 227 228 226 209  56 137 167  90 101 136
 228 225 225 227 225 224 223 223 226 208  55 216 214 178  68 121
 227 227 227 226 226 224 224 226 229 226  90  99 128  64 122 115
 227 228 223 223 224 223 225 226 226 225 199 118  99 143 211 119
 225 224 222 222 227 223 224 224 225 205  95 217 219 212 214 146
 227 226 224 226 228 223 223 226 228 224  80  79 100  95 171 143
 228 229 227 226 226 225 224 229 229 225 117  99  94 118 185 138
 232 230 230 227 228 227 227 227 193 176 150 131 112 118 172 129
 231 229 229 226 229 229 229 228 159 126  75  72  64  58 119 120
 228 226 225 225 229 227 227 227 215 211 218 215 197 183 211 108
 228 226 222 225 228 225 225 226 137  45  48  48  43  44 112 105
 225 227 226 225 224 225 225 227 200 174 134  75 195 193 203 102
 224 228 227 222 224 225 225 227 224 221 179  83 219 216 214 127
 222 223 225 223 224 225 226 224 206 176 141  60 135 139 168 131
  98 114 114 112 105 102  99  94  89  88  88 100 120 116  83  79
 126 130 127 130 129 129 123 123 120 130 122  50  34  83 117  96
 126 133 130 130 135 132 128 126 127 130  38  81  94  58  70  98
 129 132 130 128 131 131 132 133 128 123  33 134 116 136  50  90
 129 128 126 126 128 130 129 129 123 122  39  76  94  42  66  81
 130 128 130 130 129 131 129 126 126 122 135  66  52  72 106  71
 133 132 134 131 128 133 132 129 128 118  66 136 124 117 115  92
 137 135 133 129 128 135 134 130 128 143  60  60  89  85 108  91
 139 136 130 129 130 131 133 125 125 137  76  64  67  97 105  89
 133 134 131 126 125 125 128 125 123 128 125 111  94  96 110  90
 126 127 128 127 124 122 123 127  93  80  35  36  23  19  62  80
 123 126 127 125 122 122 125 126 137 153 144 145 120 136 129  66
 124 125 129 127 125 124 126 124  80  35  27  24  17  27  56  65
 127 122 124 128 123 125 127 121 110  93  82  45 124 114 107  61
 129 122 123 130 122 125 125 121 123 122 120  58 125 113 109  76
 130 126 126 122 119 126 121 120 123 129 106  50 106  97 104  89

 122 159 153 145 129 133 157 149 141 132 126 120 110 118 151 157
 180 215 117  83 146 236 238 199 207 183 136 229 134 226 240 188
 183 126 102 184  72 169 246 104 128 124  73 200  61 214 235 140
 158  66 185 230 134 132 239 113 110 117  72 209  57 221 239 143
 144  73 145 224 115 145 232  87 103 138  88 230  61  90  97  87
 163 190  70  73 112 211 100  91 127 161  89 230  56 152 197 145
 170 248 232 229 248 248 222 242 243 182 137 225  59 205 249 191
 178 247 255 254 255 255 254 252 251 219 186 232 154 228 251 228
 189 254 255 254 255 254 255 254 254 254 253 250 251 255 255 254
 200 255 255 255 255 255 255 254 254 254 254 253 254 255 255 254
 196 255 255 255 255 255 255 255 254 253 255 254 253 254 255 255
 208 255 255 255 255 253 254 255 255 255 254 252 251 254 255 255
 220 255 255 255 255 255 254 254 255 254 255 254 254 255 255 255
 224 254 255 255 255 255 255 255 254 252 253 255 255 255 254 255
 223 250 252 254 255 254 254 255 255 255 255 255 255 255 254 253
 190 253 254 255 255 255 254 254 254 255 255 254 255 254 254 251
 115 148 136 121 115 119 146 143 138 129 120 108 105 102 127 131
 167 204 101  68 122 211 214 171 185 172 119 211 112 203 214 168
 164 110  90 178  64 143 212  95 118 118  58 183  44 193 216 139
 145  44 167 214 128  99 219 100  94 112  64 197  43 195 219 135
 135  68 137 216  99 118 217  79  99 131  72 215  48  75  83  60
 144 175  56  55  90 199  95  80 117 150  75 218  48 134 179 141
 155 222 209 208 226 225 205 224 225 176 126 211  45 174 221 176
 161 228 226 226 229 226 225 228 229 193 159 215 137 200 224 206
 167 229 228 223 226 226 224 226 229 227 228 227 226 227 227 224
 172 227 227 223 224 225 224 223 224 227 229 227 225 225 225 226
 169 224 223 224 224 223 223 223 225 227 229 227 225 225 225 225
 182 224 223 225 226 224 227 228 226 228 229 229 228 224 224 224
 192 223 225 227 226 223 222 226 226 227 226 225 225 225 222 223
 197 226 225 225 227 223 222 224 227 230 229 225 222 226 227 225
 208 227 226 225 227 228 224 226 229 230 229 226 226 227 228 223
 176 229 228 228 227 227 225 227 228 232 231 228 228 225 224 222
  79  96  98  90  81  71  92  91  89  90  80  66  65  61  76  89
  83 117  70  50  66 106 115 108 105 110  62 129  56 107 109 104
 116  83  58 136  42  72 117  85  97  96  19 136  27 114 113  97
 120  34  94 116  94  52 124  89  67  94  23 120  17 124 125 106
 100  50  81 134  76  66 136  60  64 111  36 145  24  45  58  50
  88 122  38  33  39 135  66  60  76 125  35 144  27  82 120 106
  88 130 130 123 122 122 118 143 137 128  80 153  35  93 122 129
  89 120 127 128 123 126 128 128 125 123  93 137  80 110 123 123
  94 123 126 133 129 126 129 130 125 125 127 126 124 121 121 120
  99 123 128 132 129 129 132 134 133 128 123 125 126 127 125 121
 102 129 132 131 130 131 133 135 131 125 122 122 124 125 125 126
 105 129 135 131 128 129 128 128 130 125 124 122 125 123 122 119
 112 130 130 128 126 130 131 129 129 126 127 125 127 128 130 122
 114 127 130 130 126 130 134 133 130 131 128 127 129 124 123 126
 114 130 133 132 128 128 132 135 136 134 127 126 125 122 122 126
  98 126 126 129 129 130 133 137 139 133 126 123 124 127 129 130

 157 188 140 143  87 145 191 228 254 254 255 255 255 255 253 251
 151 240 235 239  97 197 249 251 255 255 255 255 255 254 254 254
 118 226 214 221  90 152 205 228 255 255 254 254 255 255 255 254
 110 134  61  57  61  56  59 154 251 254 253 251 254 255 255 255
 120 229 200 209 230 230 225 232 250 253 254 252 254 255 255 254
 126 136  73  72  88  89 137 186 253 254 255 254 255 253 255 255
 132 183 124 117 138 161 182 219 254 254 253 255 254 252 255 255
 141 207 128 110 103 127 243 251 254 254 254 255 255 254 255 254
 149 199 104 113  87  91 242 252 254 254 255 255 254 255 255 254
 157 238 246 239 232 100 222 254 255 255 255 254 254 255 254 254
 133 236 169 132 145 211 248 255 254 255 255 253 255 255 254 255
 129 146  72 134 115 112 248 255 255 255 255 255 255 255 255 255
 145  83 184 230 224  73 229 254 254 255 255 255 255 255 254 255
 153 117 102 185 145  70 232 255 255 255 255 255 255 255 252 254
 159 215 126  66  73 190 248 247 254 255 255 255 255 254 250 253
 122 180 183 158 144 163 170 178 189 200 196 208 220 224 223 190
 131 168 139 135  60 141 176 206 224 226 225 224 223 225 223 222
 127 214 216 219  83 179 221 224 227 225 225 224 222 227 228 224
 102 203 193 195  75 134 174 200 227 225 225 224 225 226 227 225
 105 112  44  43  48  48  45 137 226 225 225 228 225 222 226 228
 108 211 183 197 215 218 211 215 227 227 227 229 225 225 226 228
 120 119  58  64  72  75 126 159 228 229 229 229 226 229 229 231
 129 172 118 112 131 150 176 193 227 227 227 228 227 230 230 232
 138 185 118  94  99 117 225 229 229 224 225 226 226 227 229 228
 143 171  95 100  79  80 224 228 226 223 223 228 226 224 226 227
 146 214 212 219 217  95 205 225 224 224 223 227 222 222 224 225
 119 211 143  99 118 199 225 226 226 225 223 224 223 223 228 227
 115 122  64 128  99  90 226 229 226 224 224 226 226 227 227 227
 121  68 178 214 216  55 208 226 223 223 224 225 227 225 225 228
 136 101  90 167 137  56 209 226 228 227 223 223 225 225 226 228
 148 204 110  44  68 175 222 228 229 227 224 224 223 226 227 229
 115 167 164 145 135 144 155 161 167 172 169 182 192 197 208 176
  89 104  97 106  50 106 129 123 120 121 126 119 122 126 126 130
  76 109 113 125  58 120 122 123 121 125 125 122 130 123 122 129
  61 107 114 124  45  82  93 110 121 127 125 123 128 124 122 127
  65  56  27  17  24  27  35  80 124 126 124 125 127 129 125 124
  66 129 136 120 145 144 153 137 126 125 122 122 125 127 126 123
  80  62  19  23  36  35  80  93 127 123 122 124 127 128 127 126
  90 110  96  94 111 125 128 123 125 128 125 125 126 131 134 133
  89 105  97  67  64  76 137 125 125 133 131 130 129 130 136 139
  91 108  85  89  60  60 143 128 130 134 135 128 129 133 135 137
  92 115 117 124 136  66 118 128 129 132 133 128 131 134 132 133
  71 106  72  52  66 135 122 126 126 129 131 129 130 130 128 130
  81  66  42  94  76  39 122 123 129 129 130 128 126 126 128 129
  90  50 136 116 134  33 123 128 133 132 131 131 128 130 132 129
  98  70  58  94  81  38 130 127 126 128 132 135 130 130 133 126
  96 117  83  34  50 122 130 120 123 123 129 129 130 127 130 126
  79  83 116 120 100  88  88  89  94  99 102 105 112 114 114  98

